"DXF FILE."
RANGE
X1=-970.5713631106793855
Y1=-370.1540363713431816
X2=976.0502708764579438
Y2=292.0236973633923298

TEXT
  5
2D44
330
A
100
AcDbEntity
  8
Moji
100
AcDbText
 10
-970.5713631106793855
 20
297.0236973633923298
 30
0.0000000000000000
 40
2.0
  1

100
AcDbText
  0
TEXT
  5
2D45
330
A
100
AcDbEntity
  8
Moji
100
AcDbText
 10
-970.5713631106793855
 20
-375.1540363713431816
 30
0.0000000000000000
 40
2.0
  1
表示部材：柱, 梁, ブレース, 壁, 床
100
AcDbText
  0
TEXT
  5
2D46
330
A
100
AcDbEntity
  8
Moji
100
AcDbText
 10
-970.5713631106793855
 20
-380.1540363713431816
 30
0.0000000000000000
 40
2.0
  1
Input  : sample11.inp
100
AcDbText
  0
TEXT
  5
2D47
330
A
100
AcDbEntity
  8
Moji
100
AcDbText
 10
-970.5713631106793855
 20
-382.6540363713431816
 30
0.0000000000000000
 40
2.0
  1
Output : sample11.otp
100
AcDbText
  0
TEXT
  5
2D48
330
A
100
AcDbEntity
  8
Moji
100
AcDbText
 10
-970.5713631106793855
 20
-385.1540363713431816
 30
0.0000000000000000
 40
2.0
  1
Focus : 0.000 0.000 0.000
100
AcDbText
  0
TEXT
  5
2D49
330
A
100
AcDbEntity
  8
Moji
100
AcDbText
 10
-970.5713631106793855
 20
-387.6540363713431816
 30
0.0000000000000000
 40
2.0
  1
Phi=20.000 Theta=-50.000
100
AcDbText
  0
TEXT
  5
2D4A
330
A
100
AcDbEntity
  8
Moji
100
AcDbText
 10
-970.5713631106793855
 20
-390.1540363713431816
 30
0.0000000000000000
 40
2.0
  1
R=500.000 L=7602.300
100
AcDbText
  0
TEXT
  5
2D4B
330
A
100
AcDbEntity
  8
Moji
100
AcDbText
 10
-970.5713631106793855
 20
-392.6540363713431816
 30
0.0000000000000000
 40
2.0
  1
Dfact=1.000
100
AcDbText
  0
TEXT
  5
2D4C
330
A
100
AcDbEntity
  8
Moji
100
AcDbText
 10
-970.5713631106793855
 20
-395.1540363713431816
 30
0.0000000000000000
 40
2.0
  1
Mfact=0.500
100
AcDbText
  0
TEXT
  5
2D4D
330
A
100
AcDbEntity
  8
Moji
100
AcDbText
 10
0.0000000000000000
 20
0.0000000000000000
 30
0.0000000000000000
 40
2.0
  1
O
100
AcDbText
  0
TEXT
  5
2D4E
330
A
100
AcDbEntity
  8
Moji
100
AcDbText
 10
11.6614869472260931
 20
-3.3467181990184680
 30
0.0000000000000000
 40
2.0
  1
X
100
AcDbText
  0
LINE
  5
2D4F
330
A
100
AcDbEntity
  8
None
100
AcDbLine
 10
0.0000000000000000
 20
0.0000000000000000
 30
0.0000000000000000
 11
11.6614869472260931
 21
-3.3467181990184680
 31
0.0000000000000000
  0
LINE
  5
2D50
330
A
100
AcDbEntity
  8
None
100
AcDbLine
 10
9.3961239217612444
 20
-2.4441448202702523
 30
0.0000000000000000
 11
11.6614869472260931
 21
-3.3467181990184680
 31
0.0000000000000000
  0
LINE
  5
2D51
330
A
100
AcDbEntity
  8
None
100
AcDbLine
 10
9.2622551938005042
 20
-2.9106042981592961
 30
0.0000000000000000
 11
11.6614869472260931
 21
-3.3467181990184680
 31
0.0000000000000000
  0
TEXT
  5
2D52
330
A
100
AcDbEntity
  8
Moji
100
AcDbText
 10
9.7592781295326709
 20
3.9779182120896706
 30
0.0000000000000000
 40
2.0
  1
Y
100
AcDbText
  0
LINE
  5
2D53
330
A
100
AcDbEntity
  8
None
100
AcDbLine
 10
0.0000000000000000
 20
0.0000000000000000
 30
0.0000000000000000
 11
9.7592781295326709
 21
3.9779182120896706
 31
0.0000000000000000
  0
LINE
  5
2D54
330
A
100
AcDbEntity
  8
None
100
AcDbLine
 10
7.7278641393843435
 20
3.3775201322623900
 30
0.0000000000000000
 11
9.7592781295326709
 21
3.9779182120896706
 31
0.0000000000000000
  0
LINE
  5
2D55
330
A
100
AcDbEntity
  8
None
100
AcDbLine
 10
7.8869808678679298
 20
2.9871490070810829
 30
0.0000000000000000
 11
9.7592781295326709
 21
3.9779182120896706
 31
0.0000000000000000
  0
TEXT
  5
2D56
330
A
100
AcDbEntity
  8
Moji
100
AcDbText
 10
0.0000000000000000
 20
14.2974304404182657
 30
0.0000000000000000
 40
2.0
  1
Z
100
AcDbText
  0
LINE
  5
2D57
330
A
100
AcDbEntity
  8
None
100
AcDbLine
 10
0.0000000000000000
 20
0.0000000000000000
 30
0.0000000000000000
 11
0.0000000000000000
 21
14.2974304404182657
 31
0.0000000000000000
  0
LINE
  5
2D58
330
A
100
AcDbEntity
  8
None
100
AcDbLine
 10
-0.2859486088083653
 20
11.4379443523346129
 30
0.0000000000000000
 11
0.0000000000000000
 21
14.2974304404182657
 31
0.0000000000000000
  0
LINE
  5
2D59
330
A
100
AcDbEntity
  8
None
100
AcDbLine
 10
0.2859486088083653
 20
11.4379443523346129
 30
0.0000000000000000
 11
0.0000000000000000
 21
14.2974304404182657
 31
0.0000000000000000
  0
LINE
  5
2D5A
330
A
100
AcDbEntity
  8
101
100
AcDbLine
 10
-970.5713631106793855
 20
7.7660946499861572
 30
0.0000000000000000
 11
-860.7549391557591889
 21
46.8185867558848088
 31
0.0000000000000000
  0
LINE
  5
2D5B
330
A
100
AcDbEntity
  8
101
100
AcDbLine
 10
-860.7549391557591889
 20
46.8185867558848088
 30
0.0000000000000000
 11
-754.0036684389626771
 21
84.7810609179799570
 31
0.0000000000000000
  0
LINE
  5
2D5C
330
A
100
AcDbEntity
  8
101
100
AcDbLine
 10
-754.0036684389626771
 20
84.7810609179799570
 30
0.0000000000000000
 11
-650.1909872148846716
 21
121.6985252460818145
 31
0.0000000000000000
  0
LINE
  5
2D5D
330
A
100
AcDbEntity
  8
101
100
AcDbLine
 10
-650.1909872148846716
 20
121.6985252460818145
 30
0.0000000000000000
 11
-549.1972050877614038
 21
157.6135435759754557
 31
0.0000000000000000
  0
LINE
  5
2D5E
330
A
100
AcDbEntity
  8
101
100
AcDbLine
 10
-549.1972050877614038
 20
157.6135435759754557
 30
0.0000000000000000
 11
-450.9090446691696456
 21
192.5663991745698809
 31
0.0000000000000000
  0
LINE
  5
2D5F
330
A
100
AcDbEntity
  8
101
100
AcDbLine
 10
-450.9090446691696456
 20
192.5663991745698809
 30
0.0000000000000000
 11
-355.2192177443812398
 21
226.5952454619806247
 31
0.0000000000000000
  0
LINE
  5
2D60
330
A
100
AcDbEntity
  8
101
100
AcDbLine
 10
-355.2192177443812398
 20
226.5952454619806247
 30
0.0000000000000000
 11
-262.0260346134534757
 21
259.7362449361404515
 31
0.0000000000000000
  0
LINE
  5
2D61
330
A
100
AcDbEntity
  8
101
100
AcDbLine
 10
-262.0260346134534757
 20
259.7362449361404515
 30
0.0000000000000000
 11
-171.2330436166035668
 21
292.0236973633923298
 31
0.0000000000000000
  0
LINE
  5
2D62
330
A
100
AcDbEntity
  8
101
100
AcDbLine
 10
-864.8426439095384240
 20
-25.8785871830727032
 30
0.0000000000000000
 11
-755.2207579207055232
 21
14.1251758043384257
 31
0.0000000000000000
  0
LINE
  5
2D63
330
A
100
AcDbEntity
  8
101
100
AcDbLine
 10
-755.2207579207055232
 20
14.1251758043384257
 30
0.0000000000000000
 11
-648.6948501700569522
 21
52.9991390392884583
 31
0.0000000000000000
  0
LINE
  5
2D64
330
A
100
AcDbEntity
  8
101
100
AcDbLine
 10
-648.6948501700569522
 20
52.9991390392884583
 30
0.0000000000000000
 11
-545.1355904603334466
 21
90.7904983395795995
 31
0.0000000000000000
  0
LINE
  5
2D65
330
A
100
AcDbEntity
  8
101
100
AcDbLine
 10
-545.1355904603334466
 20
90.7904983395795995
 30
0.0000000000000000
 11
-444.4207531198808283
 21
127.5438569042512711
 31
0.0000000000000000
  0
LINE
  5
2D66
330
A
100
AcDbEntity
  8
101
100
AcDbLine
 10
-444.4207531198808283
 20
127.5438569042512711
 30
0.0000000000000000
 11
-346.4347357684046074
 21
163.3014009279704339
 31
0.0000000000000000
  0
LINE
  5
2D67
330
A
100
AcDbEntity
  8
101
100
AcDbLine
 10
-346.4347357684046074
 20
163.3014009279704339
 30
0.0000000000000000
 11
-251.0681166763174019
 21
198.1030611316565171
 31
0.0000000000000000
  0
LINE
  5
2D68
330
A
100
AcDbEntity
  8
101
100
AcDbLine
 10
-251.0681166763174019
 20
198.1030611316565171
 30
0.0000000000000000
 11
-158.2172471543639460
 21
231.9866615096835858
 31
0.0000000000000000
  0
LINE
  5
2D69
330
A
100
AcDbEntity
  8
101
100
AcDbLine
 10
-158.2172471543639460
 20
231.9866615096835858
 30
0.0000000000000000
 11
-67.7838757813103570
 21
264.9880564585782281
 31
0.0000000000000000
  0
LINE
  5
2D6A
330
A
100
AcDbEntity
  8
101
100
AcDbLine
 10
-756.5037038826529852
 20
-60.3538858046421609
 30
0.0000000000000000
 11
-647.1189311039161112
 21
-19.3636655110882572
 31
0.0000000000000000
  0
LINE
  5
2D6B
330
A
100
AcDbEntity
  8
101
100
AcDbLine
 10
-647.1189311039161112
 20
-19.3636655110882572
 30
0.0000000000000000
 11
-540.8604839750586280
 21
20.4550134989529759
 31
0.0000000000000000
  0
LINE
  5
2D6C
330
A
100
AcDbEntity
  8
101
100
AcDbLine
 10
-540.8604839750586280
 20
20.4550134989529759
 30
0.0000000000000000
 11
-437.5962206222919804
 21
59.1516693108511902
 31
0.0000000000000000
  0
LINE
  5
2D6D
330
A
100
AcDbEntity
  8
101
100
AcDbLine
 10
-437.5962206222919804
 20
59.1516693108511902
 30
0.0000000000000000
 11
-337.2013427767735152
 21
96.7730681097175278
 31
0.0000000000000000
  0
LINE
  5
2D6E
330
A
100
AcDbEntity
  8
101
100
AcDbLine
 10
-337.2013427767735152
 20
96.7730681097175278
 30
0.0000000000000000
 11
-239.5578926264763595
 21
133.3634127272395915
 31
0.0000000000000000
  0
LINE
  5
2D6F
330
A
100
AcDbEntity
  8
101
100
AcDbLine
 10
-239.5578926264763595
 20
133.3634127272395915
 30
0.0000000000000000
 11
-144.5542904767743551
 21
168.9645158960933600
 31
0.0000000000000000
  0
LINE
  5
2D70
330
A
100
AcDbEntity
  8
101
100
AcDbLine
 10
-144.5542904767743551
 20
168.9645158960933600
 30
0.0000000000000000
 11
-52.0849094097385716
 21
203.6159596396706206
 31
0.0000000000000000
  0
LINE
  5
2D71
330
A
100
AcDbEntity
  8
101
100
AcDbLine
 10
-52.0849094097385716
 20
203.6159596396706206
 30
0.0000000000000000
 11
37.9503164666812225
 21
237.3552420745264442
 31
0.0000000000000000
  0
LINE
  5
2D72
330
A
100
AcDbEntity
  8
101
100
AcDbLine
 10
-645.4566735993714701
 20
-95.6909449368853444
 30
0.0000000000000000
 11
-536.3545985447383373
 21
-53.6773238988422392
 31
0.0000000000000000
  0
LINE
  5
2D73
330
A
100
AcDbEntity
  8
101
100
AcDbLine
 10
-536.3545985447383373
 20
-53.6773238988422392
 30
0.0000000000000000
 11
-430.4086145225153359
 21
-12.8790675780223278
 31
0.0000000000000000
  0
LINE
  5
2D74
330
A
100
AcDbEntity
  8
101
100
AcDbLine
 10
-430.4086145225153359
 20
-12.8790675780223278
 30
0.0000000000000000
 11
-327.4837256018139442
 21
26.7558089935887686
 31
0.0000000000000000
  0
LINE
  5
2D75
330
A
100
AcDbEntity
  8
101
100
AcDbLine
 10
-327.4837256018139442
 20
26.7558089935887686
 30
0.0000000000000000
 11
-227.4525265591614982
 21
65.2763677130683391
 31
0.0000000000000000
  0
LINE
  5
2D76
330
A
100
AcDbEntity
  8
101
100
AcDbLine
 10
-227.4525265591614982
 20
65.2763677130683391
 30
0.0000000000000000
 11
-130.1946767505828575
 21
102.7289500107596467
 31
0.0000000000000000
  0
LINE
  5
2D77
330
A
100
AcDbEntity
  8
101
100
AcDbLine
 10
-130.1946767505828575
 20
102.7289500107596467
 30
0.0000000000000000
 11
-35.5964171457919107
 21
139.1573628333747479
 31
0.0000000000000000
  0
LINE
  5
2D78
330
A
100
AcDbEntity
  8
101
100
AcDbLine
 10
-35.5964171457919107
 20
139.1573628333747479
 30
0.0000000000000000
 11
56.4498735508388307
 21
174.6030495753481660
 31
0.0000000000000000
  0
LINE
  5
2D79
330
A
100
AcDbEntity
  8
101
100
AcDbLine
 10
56.4498735508388307
 20
174.6030495753481660
 30
0.0000000000000000
 11
146.0460873339552279
 21
209.1052473607009006
 31
0.0000000000000000
  0
LINE
  5
2D7A
330
A
100
AcDbEntity
  8
101
100
AcDbLine
 10
-531.5987289248885190
 20
-131.9224849733379017
 30
0.0000000000000000
 11
-422.8281690838347800
 21
-88.8466516824196333
 31
0.0000000000000000
  0
LINE
  5
2D7B
330
A
100
AcDbEntity
  8
101
100
AcDbLine
 10
-422.8281690838347800
 20
-88.8466516824196333
 30
0.0000000000000000
 11
-317.2427675043767863
 21
-47.0322198817776709
 31
0.0000000000000000
  0
LINE
  5
2D7C
330
A
100
AcDbEntity
  8
101
100
AcDbLine
 10
-317.2427675043767863
 20
-47.0322198817776709
 30
0.0000000000000000
 11
-214.7046353055994530
 21
-6.4245821624251027
 31
0.0000000000000000
  0
LINE
  5
2D7D
330
A
100
AcDbEntity
  8
101
100
AcDbLine
 10
-214.7046353055994530
 20
-6.4245821624251027
 30
0.0000000000000000
 11
-115.0837295284514426
 21
33.0277617054147115
 31
0.0000000000000000
  0
LINE
  5
2D7E
330
A
100
AcDbEntity
  8
101
100
AcDbLine
 10
-115.0837295284514426
 20
33.0277617054147115
 30
0.0000000000000000
 11
-18.2573029182730622
 21
71.3734226720427642
 31
0.0000000000000000
  0
LINE
  5
2D7F
330
A
100
AcDbEntity
  8
101
100
AcDbLine
 10
-18.2573029182730622
 20
71.3734226720427642
 30
0.0000000000000000
 11
75.8906006304464853
 21
108.6583222246458433
 31
0.0000000000000000
  0
LINE
  5
2D80
330
A
100
AcDbEntity
  8
101
100
AcDbLine
 10
75.8906006304464853
 20
108.6583222246458433
 30
0.0000000000000000
 11
167.4696093278278966
 21
144.9258758472487330
 31
0.0000000000000000
  0
LINE
  5
2D81
330
A
100
AcDbEntity
  8
101
100
AcDbLine
 10
167.4696093278278966
 20
144.9258758472487330
 30
0.0000000000000000
 11
256.5834493320845126
 21
180.2171616652709645
 31
0.0000000000000000
  0
LINE
  5
2D82
330
A
100
AcDbEntity
  8
101
100
AcDbLine
 10
-414.8217734570985726
 20
-169.0829040329180088
 30
0.0000000000000000
 11
-306.4350219006194038
 21
-124.9040593229759963
 31
0.0000000000000000
  0
LINE
  5
2D83
330
A
100
AcDbEntity
  8
101
100
AcDbLine
 10
-306.4350219006194038
 20
-124.9040593229759963
 30
0.0000000000000000
 11
-201.2616685870354161
 21
-82.0350077374279181
 31
0.0000000000000000
  0
LINE
  5
2D84
330
A
100
AcDbEntity
  8
101
100
AcDbLine
 10
-201.2616685870354161
 20
-82.0350077374279181
 30
0.0000000000000000
 11
-99.1608970194943424
 21
-40.4183519462708034
 31
0.0000000000000000
  0
LINE
  5
2D85
330
A
100
AcDbEntity
  8
101
100
AcDbLine
 10
-99.1608970194943424
 20
-40.4183519462708034
 30
0.0000000000000000
 11
0.0000000000000000
 21
0.0000000000000000
 31
0.0000000000000000
  0
LINE
  5
2D86
330
A
100
AcDbEntity
  8
101
100
AcDbLine
 10
0.0000000000000000
 20
0.0000000000000000
 30
0.0000000000000000
 11
96.3461958306182140
 21
39.2710692300483331
 31
0.0000000000000000
  0
LINE
  5
2D87
330
A
100
AcDbEntity
  8
101
100
AcDbLine
 10
96.3461958306182140
 20
39.2710692300483331
 30
0.0000000000000000
 11
189.9958571348601026
 21
77.4430209168081802
 31
0.0000000000000000
  0
LINE
  5
2D88
330
A
100
AcDbEntity
  8
101
100
AcDbLine
 10
189.9958571348601026
 20
77.4430209168081802
 30
0.0000000000000000
 11
281.0606273706300726
 21
114.5613613506592259
 31
0.0000000000000000
  0
LINE
  5
2D89
330
A
100
AcDbEntity
  8
101
100
AcDbLine
 10
281.0606273706300726
 20
114.5613613506592259
 30
0.0000000000000000
 11
369.6460707926887039
 21
150.6691189160766555
 31
0.0000000000000000
  0
LINE
  5
2D8A
330
A
100
AcDbEntity
  8
101
100
AcDbLine
 10
-295.0120962219054377
 20
-207.2083868871172285
 30
0.0000000000000000
 11
-187.0651849363096346
 21
-161.8836150405789454
 31
0.0000000000000000
  0
LINE
  5
2D8B
330
A
100
AcDbEntity
  8
101
100
AcDbLine
 10
-187.0651849363096346
 20
-161.8836150405789454
 30
0.0000000000000000
 11
-82.3589411230259714
 21
-117.9195353348693374
 31
0.0000000000000000
  0
LINE
  5
2D8C
330
A
100
AcDbEntity
  8
101
100
AcDbLine
 10
-82.3589411230259714
 20
-117.9195353348693374
 30
0.0000000000000000
 11
19.2504089205335944
 21
-75.2557800374639783
 31
0.0000000000000000
  0
LINE
  5
2D8D
330
A
100
AcDbEntity
  8
101
100
AcDbLine
 10
19.2504089205335944
 20
-75.2557800374639783
 30
0.0000000000000000
 11
117.8982580550222110
 21
-33.8355003655151378
 31
0.0000000000000000
  0
LINE
  5
2D8E
330
A
100
AcDbEntity
  8
101
100
AcDbLine
 10
117.8982580550222110
 20
-33.8355003655151378
 30
0.0000000000000000
 11
213.7122201966944886
 21
6.3948862390123775
 31
0.0000000000000000
  0
LINE
  5
2D8F
330
A
100
AcDbEntity
  8
101
100
AcDbLine
 10
213.7122201966944886
 20
6.3948862390123775
 30
0.0000000000000000
 11
306.8126810767886923
 21
45.4859273623067537
 31
0.0000000000000000
  0
LINE
  5
2D90
330
A
100
AcDbEntity
  8
101
100
AcDbLine
 10
306.8126810767886923
 20
45.4859273623067537
 30
0.0000000000000000
 11
397.3133028608870063
 21
83.4853474983923149
 31
0.0000000000000000
  0
LINE
  5
2D91
330
A
100
AcDbEntity
  8
101
100
AcDbLine
 10
397.3133028608870063
 20
83.4853474983923149
 30
0.0000000000000000
 11
485.3214870757802260
 21
120.4382424229590356
 31
0.0000000000000000
  0
LINE
  5
2D92
330
A
100
AcDbEntity
  8
101
100
AcDbLine
 10
-172.0500023485033978
 20
-246.3370224854256776
 30
0.0000000000000000
 11
-64.6029883249458550
 21
-199.8211521777367068
 31
0.0000000000000000
  0
LINE
  5
2D93
330
A
100
AcDbEntity
  8
101
100
AcDbLine
 10
-64.6029883249458550
 20
-199.8211521777367068
 30
0.0000000000000000
 11
39.5772192731091579
 21
-154.7195449409198886
 31
0.0000000000000000
  0
LINE
  5
2D94
330
A
100
AcDbEntity
  8
101
100
AcDbLine
 10
39.5772192731091579
 20
-154.7195449409198886
 30
0.0000000000000000
 11
140.6373748928680243
 21
-110.9686679639858795
 31
0.0000000000000000
  0
LINE
  5
2D95
330
A
100
AcDbEntity
  8
101
100
AcDbLine
 10
140.6373748928680243
 20
-110.9686679639858795
 30
0.0000000000000000
 11
238.7155724842449160
 21
-68.5087377310979662
 31
0.0000000000000000
  0
LINE
  5
2D96
330
A
100
AcDbEntity
  8
101
100
AcDbLine
 10
238.7155724842449160
 20
-68.5087377310979662
 30
0.0000000000000000
 11
333.9418750696740403
 21
-27.2834474687422173
 31
0.0000000000000000
  0
LINE
  5
2D97
330
A
100
AcDbEntity
  8
101
100
AcDbLine
 10
333.9418750696740403
 20
-27.2834474687422173
 30
0.0000000000000000
 11
426.4388901814934911
 21
12.7602819721374203
 31
0.0000000000000000
  0
LINE
  5
2D98
330
A
100
AcDbEntity
  8
101
100
AcDbLine
 10
426.4388901814934911
 20
12.7602819721374203
 30
0.0000000000000000
 11
516.3222965204079174
 21
51.6725301166747712
 31
0.0000000000000000
  0
LINE
  5
2D99
330
A
100
AcDbEntity
  8
101
100
AcDbLine
 10
516.3222965204079174
 20
51.6725301166747712
 30
0.0000000000000000
 11
603.7013265918902789
 21
89.5005858086234412
 31
0.0000000000000000
  0
LINE
  5
2D9A
330
A
100
AcDbEntity
  8
101
100
AcDbLine
 10
-45.8094142031400722
 20
-286.5089308813719526
 30
0.0000000000000000
 11
61.0733094633834668
 21
-238.7543850164069852
 31
0.0000000000000000
  0
LINE
  5
2D9B
330
A
100
AcDbEntity
  8
101
100
AcDbLine
 10
61.0733094633834668
 20
-238.7543850164069852
 30
0.0000000000000000
 11
164.6643953773176463
 21
-192.4705227253122928
 31
0.0000000000000000
  0
LINE
  5
2D9C
330
A
100
AcDbEntity
  8
101
100
AcDbLine
 10
164.6643953773176463
 20
-192.4705227253122928
 30
0.0000000000000000
 11
265.1135950995017083
 21
-147.5904359285112548
 31
0.0000000000000000
  0
LINE
  5
2D9D
330
A
100
AcDbEntity
  8
101
100
AcDbLine
 10
265.1135950995017083
 20
-147.5904359285112548
 30
0.0000000000000000
 11
362.5617120492145204
 21
-104.0512145212346411
 31
0.0000000000000000
  0
LINE
  5
2D9E
330
A
100
AcDbEntity
  8
101
100
AcDbLine
 10
362.5617120492145204
 20
-104.0512145212346411
 30
0.0000000000000000
 11
457.1412600177020522
 21
-61.7936521537120598
 31
0.0000000000000000
  0
LINE
  5
2D9F
330
A
100
AcDbEntity
  8
101
100
AcDbLine
 10
457.1412600177020522
 20
-61.7936521537120598
 30
0.0000000000000000
 11
548.9770643714632570
 21
-20.7619776172290820
 31
0.0000000000000000
  0
LINE
  5
2DA0
330
A
100
AcDbEntity
  8
101
100
AcDbLine
 10
548.9770643714632570
 20
-20.7619776172290820
 30
0.0000000000000000
 11
638.1868116810708216
 21
19.0963907266618129
 31
0.0000000000000000
  0
LINE
  5
2DA1
330
A
100
AcDbEntity
  8
101
100
AcDbLine
 10
638.1868116810708216
 20
19.0963907266618129
 30
0.0000000000000000
 11
724.8815528644953474
 21
57.8310697474942259
 31
0.0000000000000000
  0
LINE
  5
2DA2
330
A
100
AcDbEntity
  8
101
100
AcDbLine
 10
83.8425598126797382
 20
-327.7664004482898008
 30
0.0000000000000000
 11
190.0919253070950958
 21
-278.7230338353462571
 31
0.0000000000000000
  0
LINE
  5
2DA3
330
A
100
AcDbEntity
  8
101
100
AcDbLine
 10
190.0919253070950958
 20
-278.7230338353462571
 30
0.0000000000000000
 11
293.0263265485529587
 21
-231.2098128981918137
 31
0.0000000000000000
  0
LINE
  5
2DA4
330
A
100
AcDbEntity
  8
101
100
AcDbLine
 10
293.0263265485529587
 20
-231.2098128981918137
 30
0.0000000000000000
 11
392.7985201262874852
 21
-185.1562271224952099
 31
0.0000000000000000
  0
LINE
  5
2DA5
330
A
100
AcDbEntity
  8
101
100
AcDbLine
 10
392.7985201262874852
 20
-185.1562271224952099
 30
0.0000000000000000
 11
489.5520190621439838
 21
-140.4960327080103752
 31
0.0000000000000000
  0
LINE
  5
2DA6
330
A
100
AcDbEntity
  8
101
100
AcDbLine
 10
489.5520190621439838
 20
-140.4960327080103752
 30
0.0000000000000000
 11
583.4217815715097686
 21
-97.1669346452201665
 31
0.0000000000000000
  0
LINE
  5
2DA7
330
A
100
AcDbEntity
  8
101
100
AcDbLine
 10
583.4217815715097686
 20
-97.1669346452201665
 30
0.0000000000000000
 11
674.5348391430217134
 21
-55.1102968016675305
 31
0.0000000000000000
  0
LINE
  5
2DA8
330
A
100
AcDbEntity
  8
101
100
AcDbLine
 10
674.5348391430217134
 20
-55.1102968016675305
 30
0.0000000000000000
 11
763.0108700839532503
 21
-14.2708771806410919
 31
0.0000000000000000
  0
LINE
  5
2DA9
330
A
100
AcDbEntity
  8
101
100
AcDbLine
 10
763.0108700839532503
 20
-14.2708771806410919
 30
0.0000000000000000
 11
848.9627239767091851
 21
25.4034141613259656
 31
0.0000000000000000
  0
LINE
  5
2DAA
330
A
100
AcDbEntity
  8
101
100
AcDbLine
 10
217.0460918997378030
 20
-370.1540363713431816
 30
0.0000000000000000
 11
322.5879877592674348
 21
-319.7689600794949456
 31
0.0000000000000000
  0
LINE
  5
2DAB
330
A
100
AcDbEntity
  8
101
100
AcDbLine
 10
322.5879877592674348
 20
-319.7689600794949456
 30
0.0000000000000000
 11
424.7933170182498657
 21
-270.9767409307962112
 31
0.0000000000000000
  0
LINE
  5
2DAC
330
A
100
AcDbEntity
  8
101
100
AcDbLine
 10
424.7933170182498657
 20
-270.9767409307962112
 30
0.0000000000000000
 11
523.8178392803972656
 21
-223.7030202125073970
 31
0.0000000000000000
  0
LINE
  5
2DAD
330
A
100
AcDbEntity
  8
101
100
AcDbLine
 10
523.8178392803972656
 20
-223.7030202125073970
 30
0.0000000000000000
 11
619.8077676830276914
 21
-177.8779966384317959
 31
0.0000000000000000
  0
LINE
  5
2DAE
330
A
100
AcDbEntity
  8
101
100
AcDbLine
 10
619.8077676830276914
 20
-177.8779966384317959
 30
0.0000000000000000
 11
712.9004892353409560
 21
-133.4360824636866880
 31
0.0000000000000000
  0
LINE
  5
2DAF
330
A
100
AcDbEntity
  8
101
100
AcDbLine
 10
712.9004892353409560
 20
-133.4360824636866880
 30
0.0000000000000000
 11
803.2252209017570976
 21
-90.3155902744024814
 31
0.0000000000000000
  0
LINE
  5
2DB0
330
A
100
AcDbEntity
  8
101
100
AcDbLine
 10
803.2252209017570976
 20
-90.3155902744024814
 30
0.0000000000000000
 11
890.9036080192325926
 21
-48.4584473068372219
 31
0.0000000000000000
  0
LINE
  5
2DB1
330
A
100
AcDbEntity
  8
101
100
AcDbLine
 10
890.9036080192325926
 20
-48.4584473068372219
 30
0.0000000000000000
 11
976.0502708764579438
 21
-7.8099345137043787
 31
0.0000000000000000
  0
LINE
  5
2DB2
330
A
100
AcDbEntity
  8
101
100
AcDbLine
 10
-970.5713631106793855
 20
7.7660946499861572
 30
0.0000000000000000
 11
-864.8426439095384240
 21
-25.8785871830727032
 31
0.0000000000000000
  0
LINE
  5
2DB3
330
A
100
AcDbEntity
  8
101
100
AcDbLine
 10
-860.7549391557591889
 20
46.8185867558848088
 30
0.0000000000000000
 11
-755.2207579207055232
 21
14.1251758043384257
 31
0.0000000000000000
  0
LINE
  5
2DB4
330
A
100
AcDbEntity
  8
101
100
AcDbLine
 10
-754.0036684389626771
 20
84.7810609179799570
 30
0.0000000000000000
 11
-648.6948501700569522
 21
52.9991390392884583
 31
0.0000000000000000
  0
LINE
  5
2DB5
330
A
100
AcDbEntity
  8
101
100
AcDbLine
 10
-650.1909872148846716
 20
121.6985252460818145
 30
0.0000000000000000
 11
-545.1355904603334466
 21
90.7904983395795995
 31
0.0000000000000000
  0
LINE
  5
2DB6
330
A
100
AcDbEntity
  8
101
100
AcDbLine
 10
-549.1972050877614038
 20
157.6135435759754557
 30
0.0000000000000000
 11
-444.4207531198808283
 21
127.5438569042512711
 31
0.0000000000000000
  0
LINE
  5
2DB7
330
A
100
AcDbEntity
  8
101
100
AcDbLine
 10
-450.9090446691696456
 20
192.5663991745698809
 30
0.0000000000000000
 11
-346.4347357684046074
 21
163.3014009279704339
 31
0.0000000000000000
  0
LINE
  5
2DB8
330
A
100
AcDbEntity
  8
101
100
AcDbLine
 10
-355.2192177443812398
 20
226.5952454619806247
 30
0.0000000000000000
 11
-251.0681166763174019
 21
198.1030611316565171
 31
0.0000000000000000
  0
LINE
  5
2DB9
330
A
100
AcDbEntity
  8
101
100
AcDbLine
 10
-262.0260346134534757
 20
259.7362449361404515
 30
0.0000000000000000
 11
-158.2172471543639460
 21
231.9866615096835858
 31
0.0000000000000000
  0
LINE
  5
2DBA
330
A
100
AcDbEntity
  8
101
100
AcDbLine
 10
-171.2330436166035668
 20
292.0236973633923298
 30
0.0000000000000000
 11
-67.7838757813103570
 21
264.9880564585782281
 31
0.0000000000000000
  0
LINE
  5
2DBB
330
A
100
AcDbEntity
  8
101
100
AcDbLine
 10
-864.8426439095384240
 20
-25.8785871830727032
 30
0.0000000000000000
 11
-756.5037038826529852
 21
-60.3538858046421609
 31
0.0000000000000000
  0
LINE
  5
2DBC
330
A
100
AcDbEntity
  8
101
100
AcDbLine
 10
-755.2207579207055232
 20
14.1251758043384257
 30
0.0000000000000000
 11
-647.1189311039161112
 21
-19.3636655110882572
 31
0.0000000000000000
  0
LINE
  5
2DBD
330
A
100
AcDbEntity
  8
101
100
AcDbLine
 10
-648.6948501700569522
 20
52.9991390392884583
 30
0.0000000000000000
 11
-540.8604839750586280
 21
20.4550134989529759
 31
0.0000000000000000
  0
LINE
  5
2DBE
330
A
100
AcDbEntity
  8
101
100
AcDbLine
 10
-545.1355904603334466
 20
90.7904983395795995
 30
0.0000000000000000
 11
-437.5962206222919804
 21
59.1516693108511902
 31
0.0000000000000000
  0
LINE
  5
2DBF
330
A
100
AcDbEntity
  8
101
100
AcDbLine
 10
-444.4207531198808283
 20
127.5438569042512711
 30
0.0000000000000000
 11
-337.2013427767735152
 21
96.7730681097175278
 31
0.0000000000000000
  0
LINE
  5
2DC0
330
A
100
AcDbEntity
  8
101
100
AcDbLine
 10
-346.4347357684046074
 20
163.3014009279704339
 30
0.0000000000000000
 11
-239.5578926264763595
 21
133.3634127272395915
 31
0.0000000000000000
  0
LINE
  5
2DC1
330
A
100
AcDbEntity
  8
101
100
AcDbLine
 10
-251.0681166763174019
 20
198.1030611316565171
 30
0.0000000000000000
 11
-144.5542904767743551
 21
168.9645158960933600
 31
0.0000000000000000
  0
LINE
  5
2DC2
330
A
100
AcDbEntity
  8
101
100
AcDbLine
 10
-158.2172471543639460
 20
231.9866615096835858
 30
0.0000000000000000
 11
-52.0849094097385716
 21
203.6159596396706206
 31
0.0000000000000000
  0
LINE
  5
2DC3
330
A
100
AcDbEntity
  8
101
100
AcDbLine
 10
-67.7838757813103570
 20
264.9880564585782281
 30
0.0000000000000000
 11
37.9503164666812225
 21
237.3552420745264442
 31
0.0000000000000000
  0
LINE
  5
2DC4
330
A
100
AcDbEntity
  8
101
100
AcDbLine
 10
-756.5037038826529852
 20
-60.3538858046421609
 30
0.0000000000000000
 11
-645.4566735993714701
 21
-95.6909449368853444
 31
0.0000000000000000
  0
LINE
  5
2DC5
330
A
100
AcDbEntity
  8
101
100
AcDbLine
 10
-647.1189311039161112
 20
-19.3636655110882572
 30
0.0000000000000000
 11
-536.3545985447383373
 21
-53.6773238988422392
 31
0.0000000000000000
  0
LINE
  5
2DC6
330
A
100
AcDbEntity
  8
101
100
AcDbLine
 10
-540.8604839750586280
 20
20.4550134989529759
 30
0.0000000000000000
 11
-430.4086145225153359
 21
-12.8790675780223278
 31
0.0000000000000000
  0
LINE
  5
2DC7
330
A
100
AcDbEntity
  8
101
100
AcDbLine
 10
-437.5962206222919804
 20
59.1516693108511902
 30
0.0000000000000000
 11
-327.4837256018139442
 21
26.7558089935887686
 31
0.0000000000000000
  0
LINE
  5
2DC8
330
A
100
AcDbEntity
  8
101
100
AcDbLine
 10
-337.2013427767735152
 20
96.7730681097175278
 30
0.0000000000000000
 11
-227.4525265591614982
 21
65.2763677130683391
 31
0.0000000000000000
  0
LINE
  5
2DC9
330
A
100
AcDbEntity
  8
101
100
AcDbLine
 10
-239.5578926264763595
 20
133.3634127272395915
 30
0.0000000000000000
 11
-130.1946767505828575
 21
102.7289500107596467
 31
0.0000000000000000
  0
LINE
  5
2DCA
330
A
100
AcDbEntity
  8
101
100
AcDbLine
 10
-144.5542904767743551
 20
168.9645158960933600
 30
0.0000000000000000
 11
-35.5964171457919107
 21
139.1573628333747479
 31
0.0000000000000000
  0
LINE
  5
2DCB
330
A
100
AcDbEntity
  8
101
100
AcDbLine
 10
-52.0849094097385716
 20
203.6159596396706206
 30
0.0000000000000000
 11
56.4498735508388307
 21
174.6030495753481660
 31
0.0000000000000000
  0
LINE
  5
2DCC
330
A
100
AcDbEntity
  8
101
100
AcDbLine
 10
37.9503164666812225
 20
237.3552420745264442
 30
0.0000000000000000
 11
146.0460873339552279
 21
209.1052473607009006
 31
0.0000000000000000
  0
LINE
  5
2DCD
330
A
100
AcDbEntity
  8
101
100
AcDbLine
 10
-645.4566735993714701
 20
-95.6909449368853444
 30
0.0000000000000000
 11
-531.5987289248885190
 21
-131.9224849733379017
 31
0.0000000000000000
  0
LINE
  5
2DCE
330
A
100
AcDbEntity
  8
101
100
AcDbLine
 10
-536.3545985447383373
 20
-53.6773238988422392
 30
0.0000000000000000
 11
-422.8281690838347800
 21
-88.8466516824196333
 31
0.0000000000000000
  0
LINE
  5
2DCF
330
A
100
AcDbEntity
  8
101
100
AcDbLine
 10
-430.4086145225153359
 20
-12.8790675780223278
 30
0.0000000000000000
 11
-317.2427675043767863
 21
-47.0322198817776709
 31
0.0000000000000000
  0
LINE
  5
2DD0
330
A
100
AcDbEntity
  8
101
100
AcDbLine
 10
-327.4837256018139442
 20
26.7558089935887686
 30
0.0000000000000000
 11
-214.7046353055994530
 21
-6.4245821624251027
 31
0.0000000000000000
  0
LINE
  5
2DD1
330
A
100
AcDbEntity
  8
101
100
AcDbLine
 10
-227.4525265591614982
 20
65.2763677130683391
 30
0.0000000000000000
 11
-115.0837295284514426
 21
33.0277617054147115
 31
0.0000000000000000
  0
LINE
  5
2DD2
330
A
100
AcDbEntity
  8
101
100
AcDbLine
 10
-130.1946767505828575
 20
102.7289500107596467
 30
0.0000000000000000
 11
-18.2573029182730622
 21
71.3734226720427642
 31
0.0000000000000000
  0
LINE
  5
2DD3
330
A
100
AcDbEntity
  8
101
100
AcDbLine
 10
-35.5964171457919107
 20
139.1573628333747479
 30
0.0000000000000000
 11
75.8906006304464853
 21
108.6583222246458433
 31
0.0000000000000000
  0
LINE
  5
2DD4
330
A
100
AcDbEntity
  8
101
100
AcDbLine
 10
56.4498735508388307
 20
174.6030495753481660
 30
0.0000000000000000
 11
167.4696093278278966
 21
144.9258758472487330
 31
0.0000000000000000
  0
LINE
  5
2DD5
330
A
100
AcDbEntity
  8
101
100
AcDbLine
 10
146.0460873339552279
 20
209.1052473607009006
 30
0.0000000000000000
 11
256.5834493320845126
 21
180.2171616652709645
 31
0.0000000000000000
  0
LINE
  5
2DD6
330
A
100
AcDbEntity
  8
101
100
AcDbLine
 10
-531.5987289248885190
 20
-131.9224849733379017
 30
0.0000000000000000
 11
-414.8217734570985726
 21
-169.0829040329180088
 31
0.0000000000000000
  0
LINE
  5
2DD7
330
A
100
AcDbEntity
  8
101
100
AcDbLine
 10
-422.8281690838347800
 20
-88.8466516824196333
 30
0.0000000000000000
 11
-306.4350219006194038
 21
-124.9040593229759963
 31
0.0000000000000000
  0
LINE
  5
2DD8
330
A
100
AcDbEntity
  8
101
100
AcDbLine
 10
-317.2427675043767863
 20
-47.0322198817776709
 30
0.0000000000000000
 11
-201.2616685870354161
 21
-82.0350077374279181
 31
0.0000000000000000
  0
LINE
  5
2DD9
330
A
100
AcDbEntity
  8
101
100
AcDbLine
 10
-214.7046353055994530
 20
-6.4245821624251027
 30
0.0000000000000000
 11
-99.1608970194943424
 21
-40.4183519462708034
 31
0.0000000000000000
  0
LINE
  5
2DDA
330
A
100
AcDbEntity
  8
101
100
AcDbLine
 10
-115.0837295284514426
 20
33.0277617054147115
 30
0.0000000000000000
 11
0.0000000000000000
 21
0.0000000000000000
 31
0.0000000000000000
  0
LINE
  5
2DDB
330
A
100
AcDbEntity
  8
101
100
AcDbLine
 10
-18.2573029182730622
 20
71.3734226720427642
 30
0.0000000000000000
 11
96.3461958306182140
 21
39.2710692300483331
 31
0.0000000000000000
  0
LINE
  5
2DDC
330
A
100
AcDbEntity
  8
101
100
AcDbLine
 10
75.8906006304464853
 20
108.6583222246458433
 30
0.0000000000000000
 11
189.9958571348601026
 21
77.4430209168081802
 31
0.0000000000000000
  0
LINE
  5
2DDD
330
A
100
AcDbEntity
  8
101
100
AcDbLine
 10
167.4696093278278966
 20
144.9258758472487330
 30
0.0000000000000000
 11
281.0606273706300726
 21
114.5613613506592259
 31
0.0000000000000000
  0
LINE
  5
2DDE
330
A
100
AcDbEntity
  8
101
100
AcDbLine
 10
256.5834493320845126
 20
180.2171616652709645
 30
0.0000000000000000
 11
369.6460707926887039
 21
150.6691189160766555
 31
0.0000000000000000
  0
LINE
  5
2DDF
330
A
100
AcDbEntity
  8
101
100
AcDbLine
 10
-414.8217734570985726
 20
-169.0829040329180088
 30
0.0000000000000000
 11
-295.0120962219054377
 21
-207.2083868871172285
 31
0.0000000000000000
  0
LINE
  5
2DE0
330
A
100
AcDbEntity
  8
101
100
AcDbLine
 10
-306.4350219006194038
 20
-124.9040593229759963
 30
0.0000000000000000
 11
-187.0651849363096346
 21
-161.8836150405789454
 31
0.0000000000000000
  0
LINE
  5
2DE1
330
A
100
AcDbEntity
  8
101
100
AcDbLine
 10
-201.2616685870354161
 20
-82.0350077374279181
 30
0.0000000000000000
 11
-82.3589411230259714
 21
-117.9195353348693374
 31
0.0000000000000000
  0
LINE
  5
2DE2
330
A
100
AcDbEntity
  8
101
100
AcDbLine
 10
-99.1608970194943424
 20
-40.4183519462708034
 30
0.0000000000000000
 11
19.2504089205335944
 21
-75.2557800374639783
 31
0.0000000000000000
  0
LINE
  5
2DE3
330
A
100
AcDbEntity
  8
101
100
AcDbLine
 10
0.0000000000000000
 20
0.0000000000000000
 30
0.0000000000000000
 11
117.8982580550222110
 21
-33.8355003655151378
 31
0.0000000000000000
  0
LINE
  5
2DE4
330
A
100
AcDbEntity
  8
101
100
AcDbLine
 10
96.3461958306182140
 20
39.2710692300483331
 30
0.0000000000000000
 11
213.7122201966944886
 21
6.3948862390123775
 31
0.0000000000000000
  0
LINE
  5
2DE5
330
A
100
AcDbEntity
  8
101
100
AcDbLine
 10
189.9958571348601026
 20
77.4430209168081802
 30
0.0000000000000000
 11
306.8126810767886923
 21
45.4859273623067537
 31
0.0000000000000000
  0
LINE
  5
2DE6
330
A
100
AcDbEntity
  8
101
100
AcDbLine
 10
281.0606273706300726
 20
114.5613613506592259
 30
0.0000000000000000
 11
397.3133028608870063
 21
83.4853474983923149
 31
0.0000000000000000
  0
LINE
  5
2DE7
330
A
100
AcDbEntity
  8
101
100
AcDbLine
 10
369.6460707926887039
 20
150.6691189160766555
 30
0.0000000000000000
 11
485.3214870757802260
 21
120.4382424229590356
 31
0.0000000000000000
  0
LINE
  5
2DE8
330
A
100
AcDbEntity
  8
101
100
AcDbLine
 10
-295.0120962219054377
 20
-207.2083868871172285
 30
0.0000000000000000
 11
-172.0500023485033978
 21
-246.3370224854256776
 31
0.0000000000000000
  0
LINE
  5
2DE9
330
A
100
AcDbEntity
  8
101
100
AcDbLine
 10
-187.0651849363096346
 20
-161.8836150405789454
 30
0.0000000000000000
 11
-64.6029883249458550
 21
-199.8211521777367068
 31
0.0000000000000000
  0
LINE
  5
2DEA
330
A
100
AcDbEntity
  8
101
100
AcDbLine
 10
-82.3589411230259714
 20
-117.9195353348693374
 30
0.0000000000000000
 11
39.5772192731091579
 21
-154.7195449409198886
 31
0.0000000000000000
  0
LINE
  5
2DEB
330
A
100
AcDbEntity
  8
101
100
AcDbLine
 10
19.2504089205335944
 20
-75.2557800374639783
 30
0.0000000000000000
 11
140.6373748928680243
 21
-110.9686679639858795
 31
0.0000000000000000
  0
LINE
  5
2DEC
330
A
100
AcDbEntity
  8
101
100
AcDbLine
 10
117.8982580550222110
 20
-33.8355003655151378
 30
0.0000000000000000
 11
238.7155724842449160
 21
-68.5087377310979662
 31
0.0000000000000000
  0
LINE
  5
2DED
330
A
100
AcDbEntity
  8
101
100
AcDbLine
 10
213.7122201966944886
 20
6.3948862390123775
 30
0.0000000000000000
 11
333.9418750696740403
 21
-27.2834474687422173
 31
0.0000000000000000
  0
LINE
  5
2DEE
330
A
100
AcDbEntity
  8
101
100
AcDbLine
 10
306.8126810767886923
 20
45.4859273623067537
 30
0.0000000000000000
 11
426.4388901814934911
 21
12.7602819721374203
 31
0.0000000000000000
  0
LINE
  5
2DEF
330
A
100
AcDbEntity
  8
101
100
AcDbLine
 10
397.3133028608870063
 20
83.4853474983923149
 30
0.0000000000000000
 11
516.3222965204079174
 21
51.6725301166747712
 31
0.0000000000000000
  0
LINE
  5
2DF0
330
A
100
AcDbEntity
  8
101
100
AcDbLine
 10
485.3214870757802260
 20
120.4382424229590356
 30
0.0000000000000000
 11
603.7013265918902789
 21
89.5005858086234412
 31
0.0000000000000000
  0
LINE
  5
2DF1
330
A
100
AcDbEntity
  8
101
100
AcDbLine
 10
-172.0500023485033978
 20
-246.3370224854256776
 30
0.0000000000000000
 11
-45.8094142031400722
 21
-286.5089308813719526
 31
0.0000000000000000
  0
LINE
  5
2DF2
330
A
100
AcDbEntity
  8
101
100
AcDbLine
 10
-64.6029883249458550
 20
-199.8211521777367068
 30
0.0000000000000000
 11
61.0733094633834668
 21
-238.7543850164069852
 31
0.0000000000000000
  0
LINE
  5
2DF3
330
A
100
AcDbEntity
  8
101
100
AcDbLine
 10
39.5772192731091579
 20
-154.7195449409198886
 30
0.0000000000000000
 11
164.6643953773176463
 21
-192.4705227253122928
 31
0.0000000000000000
  0
LINE
  5
2DF4
330
A
100
AcDbEntity
  8
101
100
AcDbLine
 10
140.6373748928680243
 20
-110.9686679639858795
 30
0.0000000000000000
 11
265.1135950995017083
 21
-147.5904359285112548
 31
0.0000000000000000
  0
LINE
  5
2DF5
330
A
100
AcDbEntity
  8
101
100
AcDbLine
 10
238.7155724842449160
 20
-68.5087377310979662
 30
0.0000000000000000
 11
362.5617120492145204
 21
-104.0512145212346411
 31
0.0000000000000000
  0
LINE
  5
2DF6
330
A
100
AcDbEntity
  8
101
100
AcDbLine
 10
333.9418750696740403
 20
-27.2834474687422173
 30
0.0000000000000000
 11
457.1412600177020522
 21
-61.7936521537120598
 31
0.0000000000000000
  0
LINE
  5
2DF7
330
A
100
AcDbEntity
  8
101
100
AcDbLine
 10
426.4388901814934911
 20
12.7602819721374203
 30
0.0000000000000000
 11
548.9770643714632570
 21
-20.7619776172290820
 31
0.0000000000000000
  0
LINE
  5
2DF8
330
A
100
AcDbEntity
  8
101
100
AcDbLine
 10
516.3222965204079174
 20
51.6725301166747712
 30
0.0000000000000000
 11
638.1868116810708216
 21
19.0963907266618129
 31
0.0000000000000000
  0
LINE
  5
2DF9
330
A
100
AcDbEntity
  8
101
100
AcDbLine
 10
603.7013265918902789
 20
89.5005858086234412
 30
0.0000000000000000
 11
724.8815528644953474
 21
57.8310697474942259
 31
0.0000000000000000
  0
LINE
  5
2DFA
330
A
100
AcDbEntity
  8
101
100
AcDbLine
 10
-45.8094142031400722
 20
-286.5089308813719526
 30
0.0000000000000000
 11
83.8425598126797382
 21
-327.7664004482898008
 31
0.0000000000000000
  0
LINE
  5
2DFB
330
A
100
AcDbEntity
  8
101
100
AcDbLine
 10
61.0733094633834668
 20
-238.7543850164069852
 30
0.0000000000000000
 11
190.0919253070950958
 21
-278.7230338353462571
 31
0.0000000000000000
  0
LINE
  5
2DFC
330
A
100
AcDbEntity
  8
101
100
AcDbLine
 10
164.6643953773176463
 20
-192.4705227253122928
 30
0.0000000000000000
 11
293.0263265485529587
 21
-231.2098128981918137
 31
0.0000000000000000
  0
LINE
  5
2DFD
330
A
100
AcDbEntity
  8
101
100
AcDbLine
 10
265.1135950995017083
 20
-147.5904359285112548
 30
0.0000000000000000
 11
392.7985201262874852
 21
-185.1562271224952099
 31
0.0000000000000000
  0
LINE
  5
2DFE
330
A
100
AcDbEntity
  8
101
100
AcDbLine
 10
362.5617120492145204
 20
-104.0512145212346411
 30
0.0000000000000000
 11
489.5520190621439838
 21
-140.4960327080103752
 31
0.0000000000000000
  0
LINE
  5
2DFF
330
A
100
AcDbEntity
  8
101
100
AcDbLine
 10
457.1412600177020522
 20
-61.7936521537120598
 30
0.0000000000000000
 11
583.4217815715097686
 21
-97.1669346452201665
 31
0.0000000000000000
  0
LINE
  5
2E00
330
A
100
AcDbEntity
  8
101
100
AcDbLine
 10
548.9770643714632570
 20
-20.7619776172290820
 30
0.0000000000000000
 11
674.5348391430217134
 21
-55.1102968016675305
 31
0.0000000000000000
  0
LINE
  5
2E01
330
A
100
AcDbEntity
  8
101
100
AcDbLine
 10
638.1868116810708216
 20
19.0963907266618129
 30
0.0000000000000000
 11
763.0108700839532503
 21
-14.2708771806410919
 31
0.0000000000000000
  0
LINE
  5
2E02
330
A
100
AcDbEntity
  8
101
100
AcDbLine
 10
724.8815528644953474
 20
57.8310697474942259
 30
0.0000000000000000
 11
848.9627239767091851
 21
25.4034141613259656
 31
0.0000000000000000
  0
LINE
  5
2E03
330
A
100
AcDbEntity
  8
101
100
AcDbLine
 10
83.8425598126797382
 20
-327.7664004482898008
 30
0.0000000000000000
 11
217.0460918997378030
 21
-370.1540363713431816
 31
0.0000000000000000
  0
LINE
  5
2E04
330
A
100
AcDbEntity
  8
101
100
AcDbLine
 10
190.0919253070950958
 20
-278.7230338353462571
 30
0.0000000000000000
 11
322.5879877592674348
 21
-319.7689600794949456
 31
0.0000000000000000
  0
LINE
  5
2E05
330
A
100
AcDbEntity
  8
101
100
AcDbLine
 10
293.0263265485529587
 20
-231.2098128981918137
 30
0.0000000000000000
 11
424.7933170182498657
 21
-270.9767409307962112
 31
0.0000000000000000
  0
LINE
  5
2E06
330
A
100
AcDbEntity
  8
101
100
AcDbLine
 10
392.7985201262874852
 20
-185.1562271224952099
 30
0.0000000000000000
 11
523.8178392803972656
 21
-223.7030202125073970
 31
0.0000000000000000
  0
LINE
  5
2E07
330
A
100
AcDbEntity
  8
101
100
AcDbLine
 10
489.5520190621439838
 20
-140.4960327080103752
 30
0.0000000000000000
 11
619.8077676830276914
 21
-177.8779966384317959
 31
0.0000000000000000
  0
LINE
  5
2E08
330
A
100
AcDbEntity
  8
101
100
AcDbLine
 10
583.4217815715097686
 20
-97.1669346452201665
 30
0.0000000000000000
 11
712.9004892353409560
 21
-133.4360824636866880
 31
0.0000000000000000
  0
LINE
  5
2E09
330
A
100
AcDbEntity
  8
101
100
AcDbLine
 10
674.5348391430217134
 20
-55.1102968016675305
 30
0.0000000000000000
 11
803.2252209017570976
 21
-90.3155902744024814
 31
0.0000000000000000
  0
LINE
  5
2E0A
330
A
100
AcDbEntity
  8
101
100
AcDbLine
 10
763.0108700839532503
 20
-14.2708771806410919
 30
0.0000000000000000
 11
890.9036080192325926
 21
-48.4584473068372219
 31
0.0000000000000000
  0
LINE
  5
2E0B
330
A
100
AcDbEntity
  8
101
100
AcDbLine
 10
848.9627239767091851
 20
25.4034141613259656
 30
0.0000000000000000
 11
976.0502708764579438
 21
-7.8099345137043787
 31
0.0000000000000000
  0

HANDSEED=2E0E
VPORT   =2E0D
