TAKATORI NS 1995.1.17 fft
DATA            5375
DT              0.01
    -3.929     4.750    10.146   -14.514   -29.576   -15.694   -14.599   -25.759
   -37.074   -37.632   -42.068   -50.075   -58.451   -34.507    -4.228     3.194
     9.334     8.930    10.225    -2.415   -17.406   -25.812   -46.618   -41.461
   -31.378   -19.756   -10.486    -0.111    11.148    33.375    59.233    48.700
    44.405    25.343    13.114    34.714    65.597    49.246    35.935    39.333
    52.327    19.776   -28.025   -62.080   -89.059   -94.362  -107.834   -98.138
   -82.259   -76.238   -69.699   -72.422   -77.787   -72.992   -73.072   -57.872
   -51.503   -48.831   -46.512   -43.356   -42.914   -33.084   -33.027   -32.540
   -44.370   -27.435    -4.229    15.584    25.522    -3.330   -19.006   -30.800
   -45.671   -26.839    -3.979     9.576    14.752    18.129    21.018    28.838
    47.184    45.660    55.833    66.288    90.578    99.225   125.930   118.969
   113.361    86.733    71.986    65.929    76.673    62.831    66.203    56.200
    48.505    36.761    29.487    42.367    71.756    89.404   113.405   109.638
   120.364   107.579   112.281    99.268    95.976    79.478    87.480    54.637
    34.288    15.443     6.805   -25.612   -54.127   -93.475  -121.902  -118.432
  -100.907   -69.058   -40.710   -60.796   -84.879   -67.430   -41.655   -29.874
   -14.104     3.118    34.591    43.829    52.054    56.203    72.812    75.482
    85.024    84.665    99.610   109.386   146.372   200.137   261.960   216.044
   193.429   176.540   185.849   158.218   130.129   105.593    90.801    78.979
    69.751    57.970    63.792    90.288   127.337   140.067   158.320   168.080
   208.209   139.139    71.117   -64.689  -195.172  -192.124  -205.871  -160.570
  -151.850  -169.430  -205.572  -196.699  -208.133  -200.405  -201.245  -202.292
  -214.410  -212.251  -234.016  -235.645  -235.244  -176.135  -155.898  -186.580
  -213.774  -169.998  -128.005   -99.593  -107.016   -80.178   -49.737   -18.718
     6.081    50.674   109.625   141.872   168.211   142.132   122.548   136.357
   195.108   241.583   290.606   299.735   344.408   380.975   468.002   443.349
   428.797   368.174   374.316   393.189   432.435   354.271   343.970   317.764
   327.038    52.039  -217.100  -277.775  -356.930  -259.912  -242.167  -266.009
  -298.112  -206.619  -127.473  -118.893  -149.812  -106.001   -39.343    -5.417
    19.666    45.852   104.609   112.769   123.770    94.260    87.828    93.014
   174.656   125.039    66.507  -202.688  -469.314  -329.294  -228.826  -247.097
  -293.566  -224.881  -150.689  -115.014  -100.113   -58.297    10.280   -51.757
  -124.298  -219.531  -344.552  -282.401  -249.543  -217.918  -259.801  -257.093
  -242.765  -204.864  -195.133  -154.901  -124.312   -80.217   -60.345   -61.816
   -64.030   -62.451   -65.444   -31.215    -1.805    -4.957   -18.089   -31.769
   -27.564   -41.378   -61.264   -87.596  -110.374   -80.038   -71.437   -40.030
   -30.599   -36.376   -57.362   -65.923   -89.508   -91.141   -97.442   -42.247
    -0.561    13.444    23.094    19.539    54.882     1.656   -46.100   -71.561
   -84.870   -27.097    11.150     3.766     7.675    33.542    54.024    33.083
    25.613    48.622    71.724    65.015    93.960   133.817   192.262   127.091
    87.965    98.348   114.621   142.656   158.905   124.460    86.271   119.155
   164.145   142.060   163.376   235.808   344.178   137.062   -65.361   -50.032
   -51.876     6.034    19.070    23.038    17.112    42.507    72.538   102.925
   152.554    31.192  -101.807  -141.780  -200.655  -169.633  -150.834  -154.758
  -182.831  -159.221  -142.225  -161.453  -178.370  -115.845   -45.491   -50.237
   -73.550  -124.989  -173.238  -144.102  -128.251  -110.069   -99.930   -92.416
   -74.849   -56.582   -32.385   -17.325     0.452    14.610    36.555    30.600
    47.750    22.779    22.017    16.245    -2.557   -33.292   -60.111    -5.876
    47.111    39.210    45.266    63.932    92.432   101.370   123.171   152.542
   183.279   177.036   200.605   245.830   318.835   216.186   136.240   112.202
    75.411    69.424    78.835    75.491    87.370    51.165    39.927    20.982
     9.623    27.642    54.227    64.745    64.118    68.140    93.458    88.023
    77.315    87.114   133.223   129.937   124.682   130.097   173.787   208.143
   245.736   263.575   320.374   291.515   284.464   268.774   286.527   255.140
   258.999   205.612   192.471    33.240  -132.060   -58.478     6.453    -1.036
   -21.049   -11.017    18.804   -35.909   -94.121  -124.006  -176.661  -214.826
  -281.072  -227.738  -197.818  -184.973  -181.681  -132.471  -119.266  -123.005
  -123.739   -66.710   -24.278    -5.233    34.163    98.196   155.593   155.545
   191.190   216.117   254.123    84.409   -51.549   -26.384   -40.853   -15.388
    13.373    28.478    43.547    47.696    67.667    92.727   116.060   135.744
   174.514   196.835   250.451   189.261   182.917   -31.967  -264.519  -207.154
  -170.657  -141.430  -158.560  -154.320  -151.055  -139.543  -147.414  -185.845
  -239.239  -274.318  -349.614  -273.482  -225.044  -231.756  -253.781  -217.855
  -209.027  -194.800  -201.967  -172.814  -157.342  -116.002   -80.740   -80.236
   -88.966  -131.136  -183.712  -181.390  -188.694  -173.285  -173.506  -191.936
  -230.199  -184.566  -156.025  -124.250  -107.153   -45.286    19.659   -30.697
   -93.642  -147.418  -217.598  -152.632  -114.778  -125.968  -146.623   -97.638
   -44.593     2.885    31.480    47.380    81.681    76.874    82.821    88.080
   117.219   106.829    97.094    76.893    53.350    14.287   -27.799   -10.828
    16.742    -0.335    -5.694    22.111    74.366    82.358    99.211    98.401
   116.595   134.218   169.143   200.671   250.897   208.126   189.584   145.573
   105.005    69.542    45.328    63.377    65.756    74.922    99.484   111.330
   130.908    83.444    60.298    28.610    -1.927   -15.954   -15.749    17.848
    38.368    37.641    49.353    47.248    48.906    22.801    15.641    23.154
    31.667    36.492    45.276    54.701    68.525    79.582    98.580    69.146
    47.871    36.410    31.078   -18.171   -59.531   -50.833   -35.823   -16.224
    12.704    22.084    39.689    19.449     4.742    22.455    43.421    33.545
    33.057    56.524    74.610    88.733   104.650    97.336    99.091    67.896
    49.170    34.977    32.891    33.123    26.430    62.045    96.177   117.190
   136.402    99.829    72.404    68.853    73.254    60.199    48.974    31.072
    20.975    -9.428   -38.796   -46.398   -52.546   -73.276   -94.758  -104.379
  -122.026  -143.493  -169.065  -151.080  -142.732  -165.673  -190.790  -176.264
  -158.943  -155.062  -157.235  -144.990  -137.725  -127.652  -122.072  -119.502
  -132.040  -108.046   -91.076   -63.892   -63.350   -48.301   -28.035   -23.420
   -30.261   -25.718    -8.867    -8.060   -15.725     4.509    43.669    60.477
    76.908    81.113    94.948   100.365   100.278    88.541   102.037    50.551
    15.088   -11.241   -26.799   -16.952   -24.874   -13.671   -15.941    -8.348
    -0.579   -26.430   -51.057   -86.381  -118.519   -90.552   -72.860   -56.041
   -41.337   -18.926     6.210     0.545    -6.036    27.328    55.556    79.223
   102.004   128.113   167.266   134.050   102.843    88.813    74.807    59.997
    52.613    54.741    68.514    36.037     9.109    22.799    39.463    48.268
    56.936    65.960    83.091    74.180    60.769    54.226    44.196    43.810
    37.953    23.697     2.281    -4.901   -15.245    -5.185     8.638     4.459
     7.481     5.944    23.115    -0.927    -9.913     1.021    17.498    13.277
    10.275     3.927     1.600    -9.613   -17.952   -17.657   -24.279   -39.905
   -56.441   -22.785    12.140    25.383    52.628    53.121    57.168    22.400
    -1.958     6.434    10.525    26.296    51.186    88.520   129.471   117.471
   130.416   137.726   144.646   102.047    70.790    35.295     1.697    -9.124
   -15.694   -40.814   -74.191   -81.883   -92.445   -82.764   -80.044   -59.489
   -50.548   -59.798   -86.372   -25.170    31.649    45.006    61.770    29.907
     1.992   -20.596   -56.921   -67.234   -81.062   -73.508   -73.986   -58.218
   -36.323   -26.715   -17.819   -18.911   -30.256   -29.016   -40.228   -38.577
   -46.133   -37.957   -43.274   -30.383   -22.628   -48.749   -82.689   -97.730
  -115.656  -111.786  -111.532  -100.248   -93.530   -92.338   -96.425   -82.972
   -70.911   -54.786   -30.756   -17.738     0.116    18.286    34.255    29.940
    26.866    24.700    11.864     6.273     3.000    32.254    58.556    65.025
    68.329    66.002    67.552    11.170   -45.246   -55.701   -75.577   -55.007
   -47.754   -50.484   -72.084   -67.483   -57.121   -63.109   -85.592   -70.845
   -50.430   -31.971   -40.254   -26.314   -18.216    -7.745   -16.439    -0.479
    30.707    33.817    27.273    32.550    41.914    46.820    38.244    54.493
    88.478   105.849   106.032    78.252    69.103    67.766    66.417    58.552
    65.404    65.669    74.243    94.408   126.250   115.963   146.814   106.170
    78.640   -95.369  -271.547  -192.959  -126.755  -137.858  -170.541  -142.605
  -117.337  -179.112  -251.863  -197.778  -148.990  -134.473  -141.836  -137.403
  -131.894  -118.479  -111.111   -33.585    34.185    57.329    73.942   129.188
   211.391   256.526   320.667   265.731   221.979   167.417   128.718   147.649
   176.865   145.072   111.140    78.833    24.583   -37.610   -91.777   -91.413
   -92.364  -113.074  -156.526  -154.278  -172.109  -138.297  -110.647   -50.037
    -3.035   -14.137   -16.216    28.789    63.170    84.096   131.081   157.498
   198.699    16.268  -142.111   -91.099   -35.980   -51.319   -77.059   -87.015
   -85.204   -93.629   -94.610   -52.007     2.673    24.056    52.366    12.219
   -25.660   -42.066   -51.740   -14.464     1.028     0.134     7.472    16.788
    13.975    14.093     5.274    20.719    30.083    26.811    39.597    64.884
    98.008   115.391   145.042   126.098   106.025    67.148    52.724    64.409
    68.565    50.972    52.206    33.900     8.272   -25.709   -53.776   -19.105
    -0.665    -4.826   -10.470    50.077   114.700    60.581     3.418    -3.773
    -1.193     5.275    11.338     6.331     1.127   -17.140   -34.990   -58.144
   -80.803   -71.114   -63.242   -50.552   -36.076   -19.083    -0.792    20.269
    42.203    78.146   112.389   130.123   154.558   176.445   220.640   219.759
   217.763   159.790   112.594    71.903    23.131   -17.742   -44.961   -19.822
    -1.594   -62.623  -116.772  -103.549   -97.001   -74.060   -62.537   -26.434
    11.268    20.243    30.884    48.911    65.485    69.371    73.589    72.040
    80.904    57.519    36.510    26.772     8.836    -7.176   -31.362   -47.514
   -60.932   -58.381   -59.197   -63.803   -82.008   -93.126  -107.784  -127.320
  -158.719  -163.946  -173.961  -139.334  -123.648  -122.202  -119.923  -103.942
  -100.669  -114.640  -128.413  -132.227  -147.063  -135.850  -126.058  -114.395
  -125.854  -118.786  -118.168   -58.406   -10.671    26.000    59.078    91.331
   128.905   134.844   152.314   131.996   128.767   106.230    80.877    61.992
    42.590    24.816   -13.311   -21.108   -38.963   -14.736     6.049    15.257
    18.507    59.569    94.832   120.685   140.251   134.931   131.520    99.664
    66.964    64.133    58.886    47.045    23.201    22.198    26.834    23.839
    10.743     2.021    -9.125     7.205     8.335     0.033    -4.233   -15.977
   -32.390   -57.650   -90.209   -86.631   -85.697  -101.383  -123.812  -149.271
  -171.451  -163.572  -169.708  -161.616  -164.503  -141.649  -136.227  -134.323
  -139.256  -127.682  -127.999  -104.884   -80.029   -55.577   -35.684   -22.992
    -3.424    35.430    73.032    94.341   123.444   136.667   159.648   167.857
   177.852   179.481   184.489   193.354   207.015   209.868   228.748   243.521
   264.403   275.571   299.160   319.375   350.078   344.904   364.585   370.794
   396.816   306.749   233.838   157.162    89.113    22.719   -42.761  -109.928
  -176.117  -202.390  -234.524  -233.576  -229.584  -223.977  -235.676  -245.987
  -270.106  -229.892  -204.516  -182.759  -175.358  -175.815  -192.454  -190.384
  -202.053  -214.998  -235.346  -244.100  -259.761  -260.777  -278.006  -269.264
  -269.242  -237.412  -222.245  -196.100  -182.733  -160.699  -149.373  -100.475
   -72.917   -16.826    37.861    40.845    32.206    41.166    52.772    74.295
    87.506    58.113    34.555    27.192    19.943    35.585    44.722    51.004
    66.006    44.514    35.046    13.745     3.485     2.563    -0.068    14.332
    29.597    68.769   105.435    85.505    72.642    75.579    78.655    86.784
   103.078    97.330    95.187    77.215    68.591    68.636    72.405    53.162
    42.469    42.758    42.043    34.378    27.078    23.187    21.331    -7.823
   -32.899   -72.836  -116.516  -134.010  -153.328  -142.907  -140.816  -124.556
  -109.308   -88.028   -58.595   -11.866    42.313    48.848    62.551    73.164
    91.267    92.677    98.686   112.341   138.563   105.823    80.616    74.921
    86.797    79.710    65.992    61.121    66.797    85.502   112.373   130.030
   154.109   154.537   161.639   195.332   238.213   234.136   248.467   243.491
   255.997   208.600   170.253   123.616    89.842    58.804    22.932   -11.765
   -51.080   -58.430   -68.171   -80.459  -105.632  -109.829  -116.188  -107.796
  -110.780   -79.922   -27.212    11.572    49.247   -22.399   -90.591   -87.718
   -93.167   -56.275   -32.014   -29.950   -29.960   -32.946   -20.838   -32.915
   -38.622   -83.441  -131.540  -135.725  -148.107   -94.295   -42.309   -27.509
   -13.004     1.452    13.429    -8.781   -24.969   -19.014   -19.575   -32.147
   -50.813   -60.152   -69.550   -87.661  -100.818   -83.546   -70.277   -72.371
   -83.340   -75.338   -68.128   -51.084   -35.222   -18.152    -8.591   -19.999
   -28.814    13.204    69.391    69.004    84.054    15.839   -38.242   -60.320
   -82.244  -117.704  -158.630  -134.732  -113.433  -120.162  -130.611  -107.919
   -77.587   -47.188   -27.038     0.855    35.457    58.245    70.293    73.987
    88.256   120.370   164.288   129.519    96.156    58.902    26.011    21.729
    17.763   -11.200   -30.344   -18.679    -4.167    10.306    22.671    65.466
   118.614   149.395   187.859   194.358   217.842   244.905   285.043   285.917
   299.661   253.446   231.719   172.421   127.230    78.449    44.711    19.603
   -13.470   -29.489   -53.348   -21.655    12.316    10.861    11.104     3.302
     7.513   -39.475   -77.438  -111.732  -148.709  -175.670  -206.090  -207.918
  -206.219  -191.387  -165.322  -156.492  -148.887  -136.878  -122.078  -110.847
  -100.583   -83.364   -70.391   -86.591  -100.612   -98.203   -98.892   -84.079
   -81.225   -49.143   -21.734   -10.776    -5.185    20.512    60.709    63.152
    69.144    56.357    63.509    74.200    93.480    99.302   115.240    75.615
    49.769    12.893   -19.504    -7.628     3.283    36.594    61.760    69.265
    77.746    93.595   119.050   102.163    93.407    48.753    13.381     1.404
    -9.098   -21.909   -45.028   -57.076   -70.773   -53.098   -37.369   -22.429
     1.836    25.850    49.921    18.499    -4.393   -35.289   -59.571   -94.080
  -135.854  -153.831  -178.787  -177.353  -181.377  -173.393  -166.164  -161.891
  -163.418  -153.789  -144.302  -112.589   -79.456   -81.158   -94.685  -105.477
  -115.899  -118.822  -139.245  -110.665   -86.823   -58.847   -42.580   -11.477
    36.614    86.786   143.182   148.631   163.600   179.825   188.422   220.787
   253.025   273.899   293.584   297.288   319.223   288.595   278.891   255.602
   246.408   213.579   194.768   172.867   161.880   160.113   177.518   175.420
   181.982   135.559   101.114    74.762    48.986    24.932    -3.379   -23.321
   -45.510   -35.057   -25.172   -32.879   -47.353   -48.229   -51.479   -47.096
   -50.853   -72.422   -89.178  -124.250  -163.355  -195.001  -239.574  -230.924
  -224.913  -217.158  -213.371  -191.769  -169.108  -138.164  -119.504  -114.149
  -104.642   -90.909   -81.359   -81.967   -89.813   -97.156  -100.816   -95.834
   -89.830   -65.577   -42.178   -28.049    -8.332    30.393    71.485    92.716
   120.251   143.091   172.808   171.765   173.124   147.772   135.084   101.494
    67.875     8.049   -43.225   -43.103   -43.112   -49.693   -57.438   -35.823
   -15.215    -5.489    -3.805    11.315    37.997    29.919    16.470     5.916
    -4.785    -3.536    -1.387    -8.372    -8.769   -25.462   -33.057   -38.247
   -35.601   -15.019    -0.474     6.306    17.465    11.077     1.181    -8.338
   -10.967   -18.490   -36.458   -54.533   -80.665   -80.039   -80.320   -60.588
   -41.526   -25.425     6.231    -3.845    -6.925   -29.522   -53.791   -52.219
   -57.571   -79.196  -103.408   -89.891   -77.490   -69.691   -70.763   -53.802
   -43.232   -34.449   -27.911     8.107    48.521    63.032    76.280    71.660
    73.409    67.351    59.728    71.162    87.094    89.619    98.792   105.587
   129.749   150.607   178.736   174.423   184.834   183.416   200.115   183.101
   179.416   150.073   130.424    92.825    56.212    29.253     0.089    -0.276
    -7.628   -10.025   -15.620    -9.745    -4.704    16.921    36.045    59.872
    82.738    77.184    76.917    72.188    63.848    29.128    -2.354   -22.589
   -49.367   -72.073   -95.585   -76.134   -62.204   -71.947   -92.445   -91.520
   -88.608   -75.116   -75.724   -61.988   -50.183   -78.741  -103.238  -126.414
  -147.705  -158.927  -173.638  -168.675  -171.575  -151.884  -132.823  -107.278
   -82.672   -76.176   -79.621   -82.694   -89.374   -76.008   -76.019   -65.280
   -61.864   -64.583   -66.010   -67.216   -64.738   -75.528   -78.447   -60.757
   -52.617   -47.265   -44.057    21.538    80.281    92.181   110.412   121.314
   147.027   120.151   106.949    99.922    99.006    60.936    31.556     7.467
   -11.625    -1.373    10.542    14.090    13.438    17.217    21.825    34.901
    51.395    46.178    46.076    24.786     7.717    10.735    16.766    32.438
    48.073    56.100    70.998    85.597   102.764   116.205   127.717   128.894
   128.591   102.882    86.743    74.689    65.933    45.804    27.665     3.051
   -19.864   -30.724   -44.754   -30.158   -17.602    -5.672     6.922    -0.274
   -12.535   -46.735   -81.015   -90.123  -117.846  -120.734  -132.411  -105.005
   -76.683   -71.591   -65.030   -65.217   -69.565   -56.677   -52.129   -41.232
   -28.528   -14.743     0.681     6.958    12.409    20.577    36.482    50.091
    56.334    64.392    85.052   107.779   135.476   148.080   159.894   176.913
   194.056   196.348   198.439   201.738   211.687   190.796   174.530   140.670
   107.891    74.862    48.472    26.612    -2.762    -8.411   -21.857   -14.331
   -12.491   -21.553   -25.743   -50.372   -75.656  -107.270  -153.932  -150.419
  -158.584  -154.929  -166.001  -152.537  -152.132  -123.906  -101.204   -75.115
   -51.067   -51.929   -39.165   -44.962   -52.414   -58.718   -65.817   -67.058
   -72.636   -92.784  -112.185  -135.791  -159.692  -170.620  -185.481  -147.089
  -115.429   -79.549   -43.854   -36.600   -32.208   -13.607     6.139    24.655
    40.018    49.876    58.355    72.959    89.796   111.497   136.455   118.869
   107.427    88.902    66.433    46.773    20.322    35.259    47.264    48.610
    43.962    29.777    20.274    14.869     7.491    12.101    12.020    24.331
    22.092    37.841    45.044    78.927   114.348   116.045   116.258    95.349
    73.020    64.109    57.749    43.774    33.674    10.847    -5.812   -35.245
   -56.491   -65.018   -73.662   -58.240   -46.379   -20.344     0.114    18.478
    31.262    54.678    79.566    44.235    17.072   -25.052   -64.289   -82.203
  -106.865  -112.561  -126.051  -127.285  -140.300  -136.307  -139.338  -113.094
   -93.319   -79.095   -75.145   -71.872   -62.517   -72.942   -83.460   -91.120
   -97.019   -90.444   -87.703   -91.295   -95.628   -77.636   -65.035   -28.431
    -4.121    13.422    32.104    54.099    77.889    67.936    64.533    40.783
    21.643    -6.715   -31.409   -33.114   -36.317   -13.359    -1.630    28.479
    57.957   103.383   154.277   167.441   176.798   177.151   186.003   176.085
   173.461   156.302   140.468   104.088    67.288    33.323    -0.543   -22.415
   -51.772   -65.926   -87.257   -87.509   -91.035   -85.287   -87.418   -77.187
   -72.943   -86.733  -104.610  -109.948  -108.040   -85.446   -62.741   -58.228
   -53.306   -47.478   -40.597   -21.937    -4.813     3.861    13.177     6.715
    -2.952   -11.419   -25.540   -29.602   -41.847   -50.047   -64.284   -78.478
   -87.463   -52.543   -19.067     4.006    29.688    52.034    82.797   100.848
   116.875   142.055   167.885   172.412   167.222   144.215   132.971   110.951
    92.726    64.561    42.276    20.921     2.368    -9.809   -25.144   -21.562
   -14.295   -26.665   -42.691   -42.646   -45.965   -20.824    -9.705    -4.994
     2.841    23.264    50.435    57.399    77.076   102.301   141.634   134.352
   140.158   108.038    77.743    69.339    64.284    53.582    44.402    25.222
     9.401   -19.040   -46.929   -63.813   -88.530   -91.747   -83.160   -63.666
   -49.750   -31.811   -14.726    14.444    33.158    28.051    17.736    29.571
    35.689    26.681    14.903    -4.716   -19.452   -37.154   -48.374   -81.515
  -103.904  -110.171  -108.564   -98.623   -87.761   -80.780   -74.452   -73.256
   -81.763   -84.783   -95.896  -105.971  -121.448  -109.643  -108.745   -98.909
   -96.397   -79.602   -60.413   -32.662    -2.252    24.568    53.992    64.001
    72.684    69.255    72.357    79.261    86.642    85.607    88.731    69.628
    50.726    49.969    53.300    45.315    31.999    38.297    39.275    62.335
    75.817    95.843   108.000   109.014   106.523    81.763    58.855    26.444
    -2.610   -21.395   -45.151   -67.700   -95.282  -109.617  -131.805  -127.514
  -128.727  -115.245  -113.545   -92.257   -75.293   -52.056   -25.144   -18.748
    -3.254    11.718    31.456    14.864    15.909    11.336     3.782    -5.212
   -11.282    -7.020    -2.556     2.033     7.122     8.314    17.929    11.498
     2.643   -12.885   -23.955   -23.692   -29.964   -16.117    -2.670    19.780
    42.622    38.738    40.950    50.992    64.785    76.017    89.821   104.686
   124.892   115.982   112.346    93.443    79.424    73.772    77.883    82.313
    82.963    72.107    56.136    53.661    51.503    50.266    40.612    42.606
    40.638    44.448    42.739    42.835    38.491    30.242    20.590    -8.157
   -27.072   -30.229   -32.942   -28.262   -24.477   -10.087     6.662    17.855
    19.900     3.678    -2.727   -13.029   -25.440   -49.966   -83.475  -108.723
  -143.442  -153.643  -183.117  -161.777  -148.067  -128.088  -114.518  -111.844
  -106.192   -78.190   -48.156   -20.874     4.129    24.670    51.503    50.319
    41.414    23.365     1.239   -13.639   -25.111   -36.391   -53.513   -59.074
   -59.191   -57.646   -51.957   -56.245   -55.812   -55.822   -50.728   -40.742
   -38.517    -2.532    24.621    36.719    39.849    46.718    53.126    54.094
    61.224    81.397    93.739   100.676   110.565   116.469   120.102   120.554
   116.757   120.200   123.446   123.977   126.458   123.141   112.997   110.542
   107.838    86.212    61.351    46.074    29.498     9.581    -8.196   -32.161
   -52.295   -71.881   -90.192  -101.923  -110.356  -115.572  -122.391  -126.789
  -140.239  -151.776  -169.950  -166.727  -171.135  -171.726  -180.519  -172.053
  -172.203  -153.072  -143.331  -122.886  -103.056   -80.075   -57.043   -34.383
    -6.525    10.825    35.713    42.497    54.205    51.366    52.286    52.469
    58.283    62.954    63.132    74.869    79.717    87.344    89.272   109.154
   126.017   131.986   132.862   107.476    82.353    50.641    26.580    20.661
    11.224     0.885    -6.625    -3.010    -3.779    -7.416   -14.406   -17.485
   -19.695   -24.017   -33.235   -27.989   -10.332    -5.627     7.136   -24.976
   -48.047   -67.406   -79.938   -97.799  -124.688  -124.136  -122.056  -107.222
   -94.656   -86.059   -81.918   -64.459   -36.778   -34.924   -35.632   -47.383
   -45.668   -36.415   -35.305   -45.863   -54.216   -55.037   -61.226   -71.828
   -90.827   -92.709  -106.506   -98.026   -91.045   -66.201   -36.928    -9.664
    30.879    62.457    97.331   113.533   146.133   164.038   190.489   162.276
   151.521   102.277    81.799    55.991    31.913   -10.616   -46.112   -68.963
   -97.781  -115.540  -143.944  -103.900   -73.559   -48.462   -30.816    -3.391
    31.522    61.657    97.167   115.382   143.659   121.086   103.924    90.308
    80.653    64.059    42.811    56.347    67.976    79.458    92.660   115.359
   148.431   151.662   151.887   119.214   102.798    95.618    90.426    77.066
    61.805    43.411    40.261    34.618    31.497    14.714    16.866     2.337
    -8.028   -30.477   -41.294   -35.635   -37.182   -52.060   -70.629   -75.226
   -78.915   -86.837   -93.882   -90.222   -90.109   -89.841   -99.137   -90.772
   -85.235   -82.125   -68.140   -64.294   -63.186   -58.178   -49.189   -31.010
    -4.739    17.661    42.460    55.622    75.533    82.101    91.788    80.745
    79.935    84.391    82.642    72.682    68.424    83.132   107.935    98.682
    95.786    67.676    55.001    12.830   -12.134   -35.645   -64.227   -79.905
   -90.629   -80.990   -68.275   -62.641   -49.905   -53.411   -51.834   -48.558
   -45.180   -47.749   -42.495   -41.573   -48.635   -71.776  -102.663   -84.333
   -75.511   -57.476   -47.549   -36.104    -3.703    18.250    52.708    63.517
    98.488   100.191   116.596   100.583    95.353    85.390    89.123    95.591
    99.247    97.080    99.490   100.941   118.923   121.128   129.612   119.822
   128.042   125.273   134.870   114.370   105.038    81.473    71.120    17.340
   -23.344   -89.869  -138.765  -180.885  -225.281  -256.544  -290.610  -232.125
  -182.287  -141.761  -108.944   -61.046    -1.058    27.932    61.612    68.291
    90.014    64.670    49.409    30.273    19.959     1.544    -3.703   -16.327
   -42.160   -27.568   -25.877    17.556    52.939    78.625   100.696   126.230
   154.438   164.266   187.967   187.658   201.009   190.245   197.530   183.578
   181.494   175.229   192.834   181.520   173.345   144.906   130.238   104.817
    81.323    46.482     8.759   -40.144   -91.480  -152.464  -220.239  -249.897
  -283.433  -273.316  -282.240  -289.093  -308.431  -285.203  -273.716  -245.006
  -233.650  -202.412  -182.606  -162.461  -146.339  -130.452  -114.846  -109.909
   -99.748   -92.227   -86.446   -89.186   -93.687   -73.434   -51.419   -26.497
   -10.397    15.981    37.200    58.695    69.053    69.848    62.122    64.837
    56.266    47.773    30.230    37.364    39.797    42.835    40.038    35.585
    40.580    54.405    60.094    67.152    75.771    82.352    88.029    85.976
    92.750    86.606    80.448    60.568    58.582    33.873    15.263    -5.474
   -21.670   -25.720   -40.272   -46.048   -47.347   -50.543   -57.032   -44.972
   -35.208   -37.834   -52.171   -47.347   -50.178   -34.050   -18.698     4.280
    21.850    24.506    32.790    37.745    41.673    37.957    38.128    28.137
    25.623    16.540     5.668    16.657    18.779     8.690    -5.547   -10.914
   -26.084   -28.797   -28.734   -16.392   -11.577   -14.581   -21.936   -19.428
   -22.653   -24.370   -36.485   -35.020   -40.211   -39.735   -53.166   -50.757
   -43.752   -16.843     6.277     8.031     7.278    17.053    25.267    33.990
    34.061    34.058    25.488    14.803    -7.731    -4.049   -11.346     9.286
    17.206    19.998    23.530    28.815    36.630    55.551    72.021    72.601
    72.679    71.031    70.263    74.640    66.665    54.226    38.218    24.992
     2.912   -16.793   -39.754   -53.465   -75.727   -96.087  -123.307  -138.729
  -166.407  -154.872  -167.458  -161.927  -171.429  -160.686  -167.614  -152.789
  -141.813  -117.177  -102.134   -84.457   -71.208   -49.882   -23.683    -6.204
    17.821    27.763    40.837    34.028    41.350    41.175    39.945    41.218
    32.710    27.876    17.783    18.472    12.436    11.907     7.271    16.465
    26.808    34.598    43.085    52.315    68.083    75.630    83.657    83.116
    90.629    94.703   106.899   117.607   134.568   135.434   140.067   133.656
   130.926   106.845    86.606    53.207    19.953   -14.801   -53.472   -53.461
   -65.041   -73.665  -100.422  -102.714  -112.418  -114.271  -113.011   -95.324
   -77.904   -65.289   -46.908   -28.084   -12.793     6.731    21.126    37.385
    58.800    78.786    95.036   105.797   122.341   136.240   148.543   138.547
   130.132   121.924   116.129   101.863    79.130    72.864    73.118    73.528
    75.318    68.976    71.863    59.653    49.919    29.258    15.021     7.691
    -1.179   -23.110   -48.108   -54.227   -71.621   -57.006   -56.871   -52.758
   -65.435   -71.090   -74.027   -73.907   -71.865   -68.890   -62.179   -56.673
   -53.995   -45.673   -37.189   -24.730   -12.454    -8.307    -2.759    -7.331
    -1.948    15.584    28.576    36.625    52.587    65.583    75.290    69.316
    66.740    66.549    66.935    54.587    46.471    30.408    23.191    10.177
    -2.759   -19.275   -24.627   -31.914   -42.949   -55.608   -72.738   -80.293
   -77.762   -78.573   -80.200   -73.838   -66.617   -64.010   -61.092   -58.974
   -58.402   -55.707   -45.759   -45.806   -41.477   -47.676   -42.271   -36.381
   -25.502   -29.573   -31.929   -34.074   -38.784   -36.090   -42.005   -35.949
   -27.439   -22.059   -13.379   -11.329    -4.920    -5.833     6.464    15.702
    29.588    33.782    41.001    37.371    40.158    51.434    66.707    80.044
    85.527    93.258    96.987    95.094    85.978    69.213    59.241    44.999
    33.739    14.168     2.313    -2.640    -0.236    -4.019   -10.085   -14.961
   -15.597   -14.169    -3.703    -7.266   -15.957   -18.706   -18.223   -11.374
    -9.802   -16.109   -13.451   -15.330   -20.230   -17.981   -10.039    -2.184
    16.759    23.187    32.210    34.587    36.477    51.608    60.879    55.399
    47.267    41.173    36.854    27.023    18.649    17.959    27.179    21.383
    12.832     7.287     6.761     3.113    10.334     4.255     3.665    -0.570
    -3.499   -10.396   -11.404   -28.258   -44.788   -70.612   -93.299  -105.908
  -115.366  -107.491   -97.891   -84.830   -85.942   -78.884   -68.883   -58.513
   -50.026   -37.047   -29.850   -21.720   -16.338   -10.175   -14.541    -7.028
     2.405     7.309     9.979    16.111    25.063    48.719    70.779    90.964
   104.556   106.029   111.499   109.639   112.727   102.600    97.874    76.712
    58.227    40.419    21.133    10.722    -1.420    -3.250   -13.951   -34.455
   -52.043   -62.597   -74.619   -87.813  -103.709  -117.398  -122.924  -124.298
  -119.312  -122.060  -118.057  -102.729   -93.627   -73.511   -56.464   -40.330
   -32.414   -19.487    -7.104    -3.821    -7.223   -16.090   -16.474   -20.093
   -24.917   -30.596   -31.059   -18.941    -6.651     1.585     6.803    19.685
    30.702    52.892    88.413   109.067   123.410   126.520   125.782   116.471
   106.735    96.898    90.351    81.854    75.566    63.869    55.950    39.346
    42.861    41.632    42.480    22.689    10.178     6.192    13.982     2.577
   -11.376   -26.398   -36.623   -49.061   -69.358   -66.165   -66.046   -47.970
   -30.059   -21.084   -12.314   -12.016     0.642    -3.952    -1.995   -14.481
   -20.425   -30.105   -35.310   -43.654   -53.759   -62.087   -74.926   -81.257
   -92.773   -88.668   -80.798   -62.666   -51.310   -27.978    -9.849     4.299
    23.360    33.446    46.899    49.217    55.287    60.905    66.628    69.959
    76.798    70.077    74.983    68.799    70.152    62.429    55.251    32.413
     9.470    -9.237   -20.041   -24.464   -37.611   -47.017   -67.919   -80.815
   -88.982   -96.974  -104.800  -103.321   -91.532   -68.293   -51.359   -34.091
   -22.329    -7.394     4.433    13.937    20.169    25.072    31.925    36.699
    36.271    22.889    15.587     5.368     3.500     2.659     7.572     6.840
    13.687    21.477    32.019    38.987    32.001    31.172    39.149    42.592
    42.528    37.926    45.174    54.144    60.817    45.086    39.022    26.456
    28.579    18.093    11.141     0.157    -2.504     4.315     7.343    -6.703
   -12.381   -20.119   -18.128   -32.651   -46.738   -51.850   -52.138   -46.245
   -42.401   -28.167   -10.912     5.789    33.085    44.518    55.919    49.078
    53.746    37.294    27.448    16.041    15.856    13.827    19.421    13.923
     6.149    -2.158    -6.367   -12.645   -23.757   -27.126   -23.575   -11.961
     3.239    17.218    29.221    33.376    42.081    44.554    44.924    39.710
    34.987    34.148    34.134    35.485    27.344    18.267    25.503    31.923
    39.686    44.994    36.648    31.967    27.225    23.785     5.400    -6.121
   -17.266   -23.178   -29.222   -39.300   -35.754   -27.957   -21.851   -23.206
   -25.990   -21.373    -8.952     4.453    17.445    11.765    10.276     5.587
     6.445     8.840    -3.309    -9.388   -19.839   -24.519   -32.226   -28.202
   -27.701   -22.981   -12.626   -11.842    -6.261    -9.879    -3.239     7.534
    10.975    -3.563   -11.736   -13.876   -14.853   -17.242   -16.022   -13.657
   -12.406   -13.716   -19.768   -23.082   -20.121   -11.344    -6.310    -7.779
   -11.822   -16.649   -23.680   -28.246   -29.583   -31.655   -34.913   -43.226
   -42.965   -40.490   -39.779   -33.460   -25.881   -13.503    -0.632     9.548
    25.608    39.275    54.808    52.327    58.619    45.233    43.353    38.997
    34.936    28.723    28.854    23.814    21.186    12.200     0.984    -6.288
   -16.772   -19.735   -22.850   -16.364   -16.802    -2.359     4.413     6.262
     5.605     2.065    -1.460    -5.017    -6.236    -3.829    -4.626    -2.837
    -3.671    -7.109    -5.698     2.297    10.550     2.318    -7.770   -20.833
   -25.632   -21.428   -22.362   -20.518   -21.417   -22.773   -29.057   -29.704
   -31.420   -26.390   -25.033   -20.974   -13.562    -7.741    -8.006    -0.581
     7.880    12.532     8.141    -2.197    -7.788    -8.768    -7.869    -8.405
    -0.949     1.824     9.873     7.522     7.849     1.396     7.233    18.687
    18.186    18.648     5.322    15.155    20.858    26.458    17.500    20.299
     7.461    -2.804   -11.885    -5.053     0.304     5.508     5.527     7.729
     8.733    20.196    16.396    29.234    16.030     8.981    -2.120   -15.329
   -23.073   -18.652   -22.542   -31.699   -28.939   -31.211   -27.551   -25.846
   -25.857   -24.403   -18.101    -7.676     0.522     8.373    16.953    24.867
    31.367    35.578    27.557    18.465     7.178    -6.361   -17.138   -21.379
   -37.445   -38.159   -37.045   -34.804   -24.584   -14.665    -7.250     4.349
    10.650    14.509    14.307    28.122    31.158    35.900    38.408    43.876
    57.121    66.014    72.655    75.919    71.928    64.104    56.325    45.003
    36.452    29.765    23.444     3.823    -6.953   -18.541   -22.928   -32.387
   -39.139   -45.000   -48.357   -47.208   -45.392   -41.462   -47.534   -49.709
   -57.191   -53.834   -56.231   -52.765   -53.092   -44.828   -42.710   -38.283
   -25.068   -18.247     0.351    12.663    25.057    35.156    44.132    49.928
    57.991    59.383    56.894    63.248    64.631    65.430    62.195    64.028
    53.316    44.135    21.493    10.296    -2.434   -14.477   -32.222   -42.120
   -44.134   -43.804   -50.809   -57.382   -50.514   -45.995   -42.089   -44.771
   -43.176   -39.087   -33.867   -19.615    -7.670    11.681    21.093    31.881
    54.233    65.947    67.179    56.922    66.620    56.336    47.330    42.165
    35.406    36.501    31.642    43.175    34.501    28.593    20.396    17.312
     3.198    -8.785   -24.470   -26.823   -31.161   -31.538   -43.548   -52.907
   -58.768   -59.386   -58.018   -58.383   -59.188   -55.868   -48.048   -37.949
   -38.405   -51.864   -41.362   -51.187   -52.064   -63.546   -67.679   -67.362
   -66.794   -65.270   -60.616   -53.217   -43.441   -32.929   -24.356    -4.323
     5.741    13.667    22.228    30.994    42.742    64.862    77.008    87.379
    94.767    92.053    85.048    67.800    60.530    54.036    43.635    27.735
    17.869    10.146     8.505    11.947    13.801    13.319    21.201    30.327
    43.098    48.028    54.917    50.680    55.319    48.306    44.233    28.193
    10.374    -9.945   -12.664   -15.177    -7.531    -8.576   -18.019   -25.278
   -40.056   -55.168   -53.994   -46.137   -44.036   -44.199   -58.916   -53.940
   -54.796   -50.071   -58.030   -56.784   -46.409   -37.674   -25.493   -12.939
     9.116    32.062    49.802    49.298    53.267    53.102    62.256    58.893
    60.656    56.115    48.858    39.582    20.692    12.039    -6.405    -8.491
   -10.296    -4.782   -13.232   -22.047   -14.456   -18.707   -13.219   -12.537
   -19.375   -24.583   -24.351   -23.232   -25.799   -33.858   -41.559   -42.226
   -40.358   -40.129   -42.336   -36.165   -30.463   -24.950   -28.886   -30.814
   -31.642   -33.329   -34.731   -35.253   -40.011   -41.202   -46.373   -34.442
   -33.432   -22.334   -19.697   -17.896   -17.605   -17.045    -2.924    -1.866
    -6.292   -11.328   -16.182   -27.759   -35.746   -39.525   -36.458   -35.243
   -32.559   -30.133   -25.153   -14.263    -4.535     5.951    10.384    18.008
    27.180    30.805    36.495    35.298    20.815     4.151    -8.568   -19.774
   -26.115   -29.828   -32.511   -25.996   -12.613    -2.285    16.154    38.349
    53.019    65.581    77.849    89.694   100.975   105.516   110.475   107.047
    94.310    79.356    71.261    63.527    55.064    41.702    38.563    31.416
    31.733    35.032    35.943    41.694    42.515    40.092    28.253    20.792
    19.216    28.204    31.852    36.145    35.711    40.678    36.402    40.971
    39.301    37.833    35.134    30.966    18.993     9.294    -1.449   -10.198
   -16.816   -29.924   -46.057   -59.184   -62.014   -67.241   -65.933   -64.688
   -50.081   -39.511   -24.953   -16.512    -1.802    15.121    22.838    24.398
    18.366     5.050     1.207   -12.596   -17.837   -25.208   -21.984   -22.668
   -35.666   -39.550   -37.592   -33.668   -23.989   -15.244     3.437    14.425
    24.700    24.393    30.901    27.973    29.010    25.853    18.907     8.828
     3.882    -9.160   -15.931   -24.284   -27.410   -28.719   -24.148   -20.251
   -24.277   -24.281   -35.170   -42.368   -38.210   -33.315   -37.866   -44.200
   -42.626   -38.291   -41.140   -42.910   -34.881   -17.186    -1.636     7.954
    13.399    21.798    27.573    34.101    35.244    35.217    37.510    46.808
    50.682    51.731    59.865    63.925    69.879    60.029    62.307    59.770
    55.584    42.377    34.191    25.350    22.581    16.747    14.332     7.125
     5.497     1.457     0.740    -4.452   -11.389   -16.722   -25.101   -24.587
   -30.184   -26.944   -39.628   -54.145   -56.665   -61.293   -71.010   -73.846
   -72.503   -67.571   -71.698   -75.447   -72.487   -69.571   -56.543   -49.639
   -46.581   -47.921   -41.968   -39.008   -37.747   -36.720   -30.358   -24.592
   -15.107   -14.786   -19.206   -18.064   -12.684     0.841    12.386    30.289
    26.641    23.260    30.416    26.776    33.607    32.954    34.264    31.551
    28.102    29.266    28.131    23.603    19.999    12.950    12.986    10.383
     5.937     7.722    10.706    10.480     1.580    -1.899    -0.955    -0.132
     0.362    -0.175    -2.969    -7.988   -13.524   -22.187   -20.869   -25.060
   -27.483   -35.180   -39.393   -51.928   -61.879   -59.118   -45.754   -32.137
   -28.893   -16.322    -4.079     6.281    11.452    12.202    15.086    12.546
     7.218    -2.168    -2.461    -1.018    10.919    17.507    21.570    30.340
    47.215    61.004    70.880    79.470    82.218    84.826    84.647    83.140
    78.086    67.806    53.628    35.581    21.548    14.973     7.593     3.341
    -7.894   -14.137   -22.394   -29.371   -25.742   -18.998   -12.239   -10.674
    -3.659    -2.080    13.645    25.152    31.276    30.446    34.830    31.060
    36.209    38.784    27.396    18.177    10.050    -1.885   -18.304   -29.620
   -29.824   -26.238   -24.465   -25.727   -34.769   -44.347   -47.203   -45.550
   -48.085   -45.171   -51.029   -54.740   -49.748   -45.533   -33.361   -23.278
   -16.590   -11.162   -10.261    -3.269    -4.992     2.318     8.794    22.245
    18.540    20.419    17.137    16.692     9.129     2.622     2.130    -9.098
   -16.832   -22.704   -20.492   -17.138    -1.829    15.548    32.022    46.308
    37.123    39.737    48.894    56.501    58.823    60.630    55.102    53.441
    45.018    42.722    34.888    18.282    14.984     4.162     9.558    11.673
    19.423    28.334    38.183    40.700    37.850    34.938    36.821    36.127
    29.814    20.750    13.150    13.196    -5.890    -8.732   -16.833    -8.800
    -7.723    -4.629   -17.040   -18.967   -35.052   -47.630   -66.750   -86.245
   -99.578  -105.706  -101.722   -97.267   -92.243   -80.434   -68.724   -64.553
   -59.807   -52.038   -35.187   -16.162    -2.374     9.913     4.924     1.180
     6.965     9.208    11.425    22.227    30.753    37.820    36.080    40.623
    44.747    55.425    56.302    53.976    44.849    31.498    32.012    27.496
    17.327     0.772   -10.185   -27.207   -33.418   -38.644   -36.255   -31.998
   -22.308   -16.081    -3.025     8.243     2.864    -3.063    -2.382    -0.034
     3.313     5.670     3.777    -2.250   -11.252   -19.964   -26.130   -36.973
   -41.991   -46.313   -46.566   -45.255   -43.070   -36.022   -24.637   -23.761
   -12.423    -7.914     6.434    12.485    13.376    11.718    18.541    17.109
     3.900    -7.829   -10.534   -14.520   -14.409   -10.722     2.696     5.185
    12.203    18.157    26.287    32.666    27.315    24.302    28.088    26.279
    18.628     6.518    -0.665   -11.886   -10.073   -13.778   -18.246   -24.155
   -16.940   -15.832   -12.745    -7.624    -6.497    -6.294    -7.770   -22.505
   -25.422   -36.026   -40.149   -43.035   -53.390   -64.221   -60.378   -60.169
   -46.148   -30.305   -11.488     8.620    26.330    40.064    52.355    63.012
    79.745    97.807   104.490   105.655   101.014    94.082    94.321    87.169
    70.708    58.482    50.053    40.204    28.864    16.357     8.410    -0.895
    -6.021   -16.547   -25.370   -32.128   -39.796   -47.004   -55.873   -61.552
   -70.715   -86.385   -88.494   -90.907   -76.742   -65.568   -41.631   -28.564
   -15.038    -5.993    -3.746    -2.042     7.053    12.730     4.873     1.345
     5.843     9.903    18.938    21.159    32.189    40.809    43.402    42.047
    39.238    41.037    44.333    41.288    24.317    12.136     2.856    -3.364
    -3.922    -7.853     8.477    23.186    26.468    36.459    36.783    38.429
    42.861    40.088    43.066    34.554    27.374    17.734    29.237    36.120
    36.604    38.121    31.484    35.523    29.259    20.231    16.301     2.283
     9.071     5.187     2.206    -8.565   -10.237   -13.546    -2.656     0.344
    -8.816   -18.855   -26.297   -40.119   -41.289   -43.676   -39.883   -40.674
   -45.946   -49.190   -50.579   -54.707   -55.515   -54.782   -51.494   -57.624
   -50.987   -51.424   -46.294   -43.899   -47.253   -52.894   -67.301   -79.252
   -72.858   -66.385   -68.544   -76.477   -71.458   -78.603   -66.003   -57.996
   -31.643    -9.881    11.355    32.744    46.263    54.381    49.825    49.660
    49.901    44.554    32.127    17.276    17.662    16.082    21.290    29.358
    28.558    37.475    34.078    36.668    31.807    31.681    51.473    73.021
    72.845    67.738    76.782    83.505    80.593    70.349    72.473    59.313
    65.612    64.387    66.196    65.867    62.236    61.486    55.043    49.328
    31.381    20.891    -3.962   -23.724   -46.050   -68.817   -73.083   -74.758
   -74.967   -72.625   -75.898   -80.040   -75.527   -71.682   -67.218   -61.682
   -44.128   -15.450    -4.203     1.344    12.826    25.542    28.586    21.985
     9.890    -1.946    -2.807    -7.902    -1.430     1.522     2.745     3.258
     5.891     7.198    -8.888   -10.023   -10.912    -8.566    -6.013    -4.710
     4.773    19.784    30.755    38.067    47.799    48.622    62.899    70.751
    66.435    55.747    48.671    42.395    31.056    16.063    -8.050   -29.735
   -28.628   -26.362   -38.313   -52.159   -60.049   -70.857   -70.147   -73.955
   -59.042   -43.836   -33.861   -25.709   -21.126   -19.327   -15.044    -5.485
    -8.540   -11.924   -23.377   -32.635   -32.625   -30.481   -35.881   -45.664
   -41.480   -53.264   -51.707   -53.566   -41.232   -37.582   -26.936   -14.097
    -3.799     5.974    23.520    42.511    38.027    29.080    24.750    21.887
    15.838    11.111     4.890     0.376    10.742    21.283    34.990    47.043
    39.011    30.753    28.183    29.560    24.944    22.947    31.069    41.792
    51.338    67.315    53.443    43.774    41.159    33.942    30.333    19.546
    22.990    21.177    20.070    17.824    19.227    20.422    24.725    23.123
    25.558    27.188    24.137    16.419    12.081     9.838     1.381    -2.920
    -5.822    -3.086    -7.606   -11.791   -13.784   -12.656   -14.050   -11.380
   -22.071   -29.857   -33.163   -27.536   -13.813    -5.956   -14.674   -29.737
   -29.715   -40.587   -46.560   -58.611   -56.967   -56.808   -60.632   -62.609
   -56.328   -40.522   -40.645   -41.518   -36.019   -35.176   -32.695   -33.644
   -31.556   -30.423   -30.324   -21.317   -15.192   -10.331   -19.248   -20.939
   -17.440   -20.663   -17.523   -19.156    -9.666    -4.463    -4.687    -6.120
    15.723    27.681    37.572    40.299    35.704    31.127    30.696    38.527
    30.579    23.941    22.088    27.908    23.515    18.905    20.141    19.729
    17.374     1.605    -4.834    -8.557   -10.655   -17.513    -8.864    -2.814
     3.439     7.307     7.584     9.959     7.841     3.502    -0.085    -8.086
   -12.761   -22.688    -5.198     5.134    17.161    19.166    15.780    13.058
     8.810     2.788     0.302     2.913    -2.845    -1.893     2.577     9.051
    22.050    38.981    41.269    35.178    30.705    27.966    22.739    16.415
    -4.431   -19.733   -26.250   -28.304   -22.326   -20.127   -18.507   -16.197
   -12.147    -8.196   -14.338   -16.377   -18.156   -22.672   -15.027   -12.617
    -9.735   -13.002    -1.116     0.795     0.469    -4.970    -7.341    -7.376
     2.457     9.638     7.326     4.518     2.381     2.503    -0.904   -11.269
     2.415    12.245     7.613    -2.611     6.167    18.938    29.441    29.397
    26.072    19.904    19.361    12.338    20.944    25.092    23.320    19.628
    22.581    24.142    21.666    21.996    21.698    13.609     2.806   -14.002
   -18.392   -25.523   -21.009   -11.341    -1.229     0.678    -1.981    -0.373
    12.715    16.455    15.444     4.929    -1.484   -10.792   -24.493   -33.525
   -25.913   -20.278   -12.187    -5.518   -15.566   -22.964   -24.715   -25.831
   -32.171   -40.393   -38.004   -20.504    -7.102     7.341    -1.323    -8.372
    -7.106   -16.233   -15.036   -23.319   -24.939   -25.664    -1.502    24.004
    27.926    31.436    38.326    43.916    40.607    26.085    20.574    13.355
    16.354    10.779     8.725    -0.113     5.993     0.871     2.524    -2.230
    -9.410   -17.073    -8.972    -5.918    -7.688   -10.723     6.167    14.425
    20.560    10.006    22.020    20.867    16.422    -1.253   -22.858   -45.268
   -49.799   -57.145   -54.366   -55.139   -55.752   -50.275   -60.411   -66.071
   -70.265   -74.541   -54.094   -42.809   -15.894     9.475    10.651     7.020
    15.889    15.700    20.704    22.454    20.140    14.940    11.275     3.764
     8.751    18.426    11.427     3.857     7.857    10.860    30.344    34.658
    38.402    32.138    34.635    35.554    26.898    15.407    21.497    28.555
    31.534    37.264    32.361    33.490    28.789    23.430    33.216    44.268
    59.322    81.404   109.378   137.417   138.041   134.124   123.954   120.610
   115.888   108.688    89.595    75.169    68.119    65.475    53.028    35.872
    26.129    21.083    16.026    13.557    -7.832   -24.181   -29.215   -34.800
   -28.678   -22.024   -16.283    -2.753    -1.815    -2.598   -14.131   -31.160
   -31.202   -25.704   -24.228   -26.434   -41.185   -45.627   -42.242   -43.572
   -64.527   -76.908   -74.836   -66.598   -83.086   -99.496  -108.399  -107.083
   -91.745   -87.005   -87.773   -82.409   -76.786   -71.683   -73.721   -75.243
   -62.396   -55.348   -56.796   -65.404   -46.849   -29.714    -8.742     8.689
     8.748     7.183    15.492    26.231    44.193    64.867    54.039    40.124
    64.592    88.015    86.740    87.699    89.448    95.622    85.631    71.666
    62.325    62.301    79.480    91.680    78.426    66.377    55.684    41.310
    39.274    29.961    25.382    18.519    23.461    23.999    13.380     7.617
     9.789     9.644    -2.751   -13.799   -33.743   -48.874   -60.106   -75.121
   -85.424   -98.297   -79.530   -57.683   -46.507   -34.735   -32.953   -28.317
   -28.409   -38.803   -44.750   -48.407   -37.057   -25.264   -19.888   -23.268
   -11.931     1.248     6.803    -1.424    -7.118   -18.265    -1.819     6.337
    21.846    22.506    25.492    30.866    23.109    16.422     8.253     5.777
     4.496    -0.001   -15.074   -28.415   -34.449   -36.504   -38.369   -39.455
   -40.776   -40.367   -28.611   -14.091   -14.139   -20.827   -26.676   -37.297
   -35.628   -42.950   -23.960    -6.659    -6.896    -4.920    -2.569    -5.087
    -5.201    -5.865    -7.064    -5.632   -17.843   -28.267   -26.779   -19.047
   -22.467   -28.193   -34.159   -43.467   -48.188   -52.118   -55.708   -59.811
   -60.895   -60.040   -59.127   -62.283   -65.780   -68.607   -56.742   -46.937
   -41.058   -39.122   -29.178   -15.843    16.328    48.877    42.585    44.744
    53.430    62.556    45.241    26.111    22.160    21.252    19.901    20.629
    19.793    24.129    32.997    38.524    34.025    23.415    27.481    25.403
    29.836    28.632    23.656    19.612    34.844    46.294    46.800    49.154
    37.232    20.441    38.003    38.508    30.082    16.332    20.848    21.139
    -5.427   -26.387   -15.807    -5.132   -12.828   -16.801   -17.802   -15.744
   -22.685   -28.604   -22.198   -14.644   -14.909    -9.089    -6.535    -5.257
    -3.461    -3.424    -8.993   -21.075   -37.294   -45.070   -53.459   -57.574
   -64.714   -61.188   -63.187   -59.284   -52.118   -44.028   -39.609   -35.701
   -22.330    -4.846     8.987    20.496    27.393    30.581    31.105    24.359
    45.597    62.939    73.555    78.871    62.979    54.158    51.631    60.084
    46.481    32.575    27.716    18.733    14.658    -2.723     5.398     8.309
     3.282    -9.685   -28.012   -44.809   -28.379    -4.785     1.098     3.526
   -10.731   -20.740    -2.638    14.862    26.099    38.619    46.609    55.496
    54.122    55.154    66.927    77.059    72.916    70.875    38.368     4.054
    -2.148    -2.991    -0.073    -3.430    -8.071    -7.302     5.363    14.315
    28.667    31.019    39.779    33.933    37.799    39.840    44.760    53.127
    56.777    59.758    67.790    63.162    62.225    60.181    41.905    19.479
     6.289     6.844    -3.870   -14.534    -3.773     6.484     9.804    -1.160
   -12.472   -27.576   -39.267   -50.742   -54.829   -55.450   -48.312   -42.010
   -57.341   -64.362   -64.266   -69.314   -66.935   -72.622   -66.269   -75.420
   -89.142  -107.730  -104.557   -95.228   -67.233   -36.183   -28.812   -23.714
     4.260    29.622    42.526    50.619    63.747    78.111    84.783    82.668
    95.946   106.199   110.290   104.087   102.445    95.069    75.186    62.376
    56.354    49.856    59.830    71.236    59.317    49.452    29.329    13.119
    17.063     5.997    12.908     6.098    -0.496   -13.308   -30.279   -36.479
   -45.799   -66.970   -72.188   -74.275   -58.294   -53.352   -57.636   -70.904
   -53.703   -46.520   -40.915   -37.146   -10.105    18.711    25.339    23.451
     9.250    -8.481    -4.855    -1.358     1.931     5.490    13.872    33.322
    29.718    22.374     5.719   -14.559   -14.053   -23.293   -24.881   -29.341
   -23.478   -18.671    13.673    48.873    33.105    16.892    22.240    34.697
    43.439    44.759    51.650    60.497    45.049    24.007    33.391    45.106
    56.536    62.116    63.294    61.189    42.675    25.504    34.502    31.486
    23.564    14.875    24.145    32.472    26.030    26.230     4.078   -19.690
   -33.056   -46.299   -39.405   -40.895   -39.701   -43.827   -35.027   -39.737
   -64.576   -93.862   -96.280  -118.310  -117.477  -134.125  -111.405  -101.376
   -97.877   -96.809  -103.955  -111.005  -109.511  -105.951  -109.808  -113.497
  -121.193  -126.584  -134.406  -133.899  -126.480  -117.592   -82.266   -48.109
   -24.036    -1.878    11.394    24.081    51.815    82.512   102.071   126.397
   132.506   148.004   167.019   182.113   164.035   145.097   126.759   112.146
   113.885   120.718   130.843   144.518   148.322   150.232   136.486   126.121
   117.246   102.603    92.898    80.614    64.693    56.721    34.425    18.407
    18.755    15.029    -3.678   -23.449   -37.033   -50.628   -54.360   -64.486
   -74.952   -81.361   -89.658   -98.875   -92.224   -85.857   -64.845   -46.321
   -53.029   -60.147   -60.540   -43.242   -41.472   -31.186   -35.150   -32.441
   -18.044    -1.735    -0.907    -7.851   -14.873   -19.666    -8.385     1.752
    -2.975     4.220     6.481     8.770     7.625     4.127    -4.432    -8.709
   -18.465   -29.977   -53.998   -76.604   -73.491   -63.083   -61.026   -58.925
   -54.788   -39.853   -23.345   -13.812   -13.182   -14.742    -2.174    -0.304
     9.564    24.063    18.908    19.971    21.181    21.696     8.561    -2.750
   -19.149     4.359    12.611    18.688     3.815   -17.626   -15.128

