   LAP     TIME      ELEM          Nzi          Qyi          Qyj          Mxi          Mxj      ELEM          Nzi          Qyi          Qyj          Mxi          Mxj      ELEM          Nzi          Qyi          Qyj          Mxi          Mxj      ELEM          Nzi          Qyi          Qyj          Mxi          Mxj      ELEM          Nzi          Qyi          Qyj          Mxi          Mxj      ELEM          Nzi          Qyi          Qyj          Mxi          Mxj      NODE           Dx      NODE           Dx      NODE           Dx
     1    0.020
     2    0.040
     3    0.060
     4    0.080
     5    0.100
     6    0.120
     7    0.140
     8    0.160
     9    0.180
    10    0.200
    11    0.220
    12    0.240
    13    0.260
    14    0.280
    15    0.300
    16    0.320
    17    0.340
    18    0.360
    19    0.380
    20    0.400
    21    0.420
    22    0.440
    23    0.460
    24    0.480
    25    0.500
    26    0.520
    27    0.540
    28    0.560
    29    0.580
    30    0.600
    31    0.620
    32    0.640
    33    0.660
    34    0.680
    35    0.700
    36    0.720
    37    0.740
    38    0.760
    39    0.780
    40    0.800
    41    0.820
    42    0.840
    43    0.860
    44    0.880
    45    0.900
    46    0.920
    47    0.940
    48    0.960
    49    0.980
    50    1.000
    51    1.020
    52    1.040
    53    1.060
    54    1.080
    55    1.100
    56    1.120
    57    1.140
    58    1.160
    59    1.180
    60    1.200
    61    1.220
    62    1.240
    63    1.260
    64    1.280
    65    1.300
    66    1.320
    67    1.340
    68    1.360
    69    1.380
    70    1.400
    71    1.420
    72    1.440
    73    1.460
    74    1.480
    75    1.500
    76    1.520
    77    1.540
    78    1.560
    79    1.580
    80    1.600
    81    1.620
    82    1.640
    83    1.660
    84    1.680
    85    1.700
    86    1.720
    87    1.740
    88    1.760
    89    1.780
    90    1.800
    91    1.820
    92    1.840
    93    1.860
    94    1.880
    95    1.900
    96    1.920
    97    1.940
    98    1.960
    99    1.980
   100    2.000
   101    2.020
   102    2.040
   103    2.060
   104    2.080
   105    2.100
   106    2.120
   107    2.140
   108    2.160
   109    2.180
   110    2.200
   111    2.220
   112    2.240
   113    2.260
   114    2.280
   115    2.300
   116    2.320
   117    2.340
   118    2.360
   119    2.380
   120    2.400
   121    2.420
   122    2.440
   123    2.460
   124    2.480
   125    2.500
   126    2.520
   127    2.540
   128    2.560
   129    2.580
   130    2.600
   131    2.620
   132    2.640
   133    2.660
   134    2.680
   135    2.700
   136    2.720
   137    2.740
   138    2.760
   139    2.780
   140    2.800
   141    2.820
   142    2.840
   143    2.860
   144    2.880
   145    2.900
   146    2.920
   147    2.940
   148    2.960
   149    2.980
   150    3.000
   151    3.020
   152    3.040
   153    3.060
   154    3.080
   155    3.100
   156    3.120
   157    3.140
   158    3.160
   159    3.180
   160    3.200
   161    3.220
   162    3.240
   163    3.260
   164    3.280
   165    3.300
   166    3.320
   167    3.340
   168    3.360
   169    3.380
   170    3.400
   171    3.420
   172    3.440
   173    3.460
   174    3.480
   175    3.500
   176    3.520
   177    3.540
   178    3.560
   179    3.580
   180    3.600
   181    3.620
   182    3.640
   183    3.660
   184    3.680
   185    3.700
   186    3.720
   187    3.740
   188    3.760
   189    3.780
   190    3.800
   191    3.820
   192    3.840
   193    3.860
   194    3.880
   195    3.900
   196    3.920
   197    3.940
   198    3.960
   199    3.980
   200    4.000
   201    4.020
   202    4.040
   203    4.060
   204    4.080
   205    4.100
   206    4.120
   207    4.140
   208    4.160
   209    4.180
   210    4.200
   211    4.220
   212    4.240
   213    4.260
   214    4.280
   215    4.300
   216    4.320
   217    4.340
   218    4.360
   219    4.380
   220    4.400
   221    4.420
   222    4.440
   223    4.460
   224    4.480
   225    4.500
   226    4.520
   227    4.540
   228    4.560
   229    4.580
   230    4.600
   231    4.620
   232    4.640
   233    4.660
   234    4.680
   235    4.700
   236    4.720
   237    4.740
   238    4.760
   239    4.780
   240    4.800
   241    4.820
   242    4.840
   243    4.860
   244    4.880
